{
	"CONFIG_VERSION" : "0.18",
	"SYSTEM_TYPE" : "BosonMixtureCluster",
	"OUTPUT_DIRECTORY" : "/itpstore/gartner/Output/TDVMC/asterix/",
	"N" : 3,
	"DIM" : 3,
	"N_PARAM" : 52,
	"RHO" : 0.015000,
	"RC" : 8.800000,
	"MC_STEP" : 4.000000,
	"MC_STEP_OFFSET" : 0.000000,
	"MC_NSTEPS" : 100,
	"MC_NTHERMSTEPS" : 20,
	"MC_NINITIALIZATIONSTEPS" : 1000,
	"MC_VERY_FIRST_NINITIALIZATIONSTEPS" : 1000000,
	"MC_NADDITIONALSTEPS" : 500000,
	"MC_NADDITIONALTHERMSTEPS" : 100,
	"MC_NADDITIONALINITIALIZATIONSTEPS" : 10000,
	"TIMESTEP" : 0.000100,
	"TOTALTIME" : -1.000,
	"IMAGINARY_TIME" : 1,
	"ODE_SOLVER_TYPE" : 0,
	"USE_PRECONDITIONING" : 1,
	"USE_PARAMETER_ACCEPTANCE_CHECK" : 1,
	"PARAMETER_ACCEPTANCE_CHECK_TYPE" : 1,
	"WRITE_EVERY_NTH_STEP_TO_FILE" : 100,
	"WRITE_SINGLE_FILES" : 0,
	"MC_NSTEP_MULTIPLICATION_FACTOR_FOR_WRITE_DATA" : 1,
	"USE_MEAN_FOR_FINAL_PARAMETERS" : 0,
	"USE_NORMALIZE_WF" : 1,
	"USE_ADJUST_PARAMETERS" : 0,
	"UPDATE_SAMPLES_EVERY_NTH_STEP" : 0,
	"UPDATE_SAMPLES_PERCENT" : 100.000000,
	"GR_BIN_COUNT" : 400,
	"USE_NURBS" : 1,
	"NURBS_GRID" : 
	[
		 2.7000000000e+00,2.8000000000e+00,2.9000000000e+00,3.0000000000e+00,3.1000000000e+00,3.2000000000e+00,3.3000000000e+00,3.4500000000e+00,3.6422700000e+00,3.8705200000e+00,4.2283300000e+00,4.6086000000e+00,5.1427600000e+00,5.8271900000e+00,6.8578800000e+00,7.5305200000e+00,8.3000000000e+00,9.1500000000e+00,1.0000000000e+01,1.1000000000e+01,1.2000000000e+01,1.3000000000e+01,1.4000000000e+01,1.5000000000e+01,1.6000000000e+01,1.7000000000e+01,1.8000000000e+01,1.9000000000e+01,2.0000000000e+01,2.1000000000e+01
	],
	"PARTICLE_TYPES" : 
	[
		 1,1,4
	],
	"SYSTEM_PARAMS" : 
	[
		 2.0000000000e-01,1.0000000000e+02
	],
	"PARAMS_REAL" : 
	[
		 -8.7462030649e+01,-1.3955118834e+00,-1.1144815865e+00,-8.4361442395e-01,-5.7962204530e-01,-3.3877652069e-01,-1.2260029571e-01,2.8751751437e-02,1.3352008688e-01,1.9280792522e-01,2.2110284527e-01,2.2014378708e-01,2.0963564366e-01,1.9509135882e-01,1.7679542675e-01,1.5501458282e-01,1.3104465278e-01,1.0535533227e-01,7.9747986097e-02,5.4514449353e-02,3.0199785164e-02,6.5734641804e-03,-1.4946699601e-02,2.4662537368e-01,-1.6307292446e-02,-8.9261744254e-01,-8.0381247333e+03,-3.3936069469e+00,-3.0322065610e+00,-2.6395276755e+00,-2.1991993266e+00,-1.7114414214e+00,-1.1618751136e+00,-6.4189467090e-01,-1.5684941767e-01,2.3265014995e-01,5.2045121762e-01,6.2108121209e-01,6.3977670896e-01,6.1647023321e-01,5.6617091503e-01,4.9498144889e-01,4.0913746481e-01,3.1160032786e-01,2.0955392937e-01,1.0454256065e-01,-2.6746498939e-03,-1.1124991235e-01,-2.2172687273e-01,1.9723319578e+00,-1.1470522017e-01,1.7385555562e-01
	],
	"PARAMS_IMAGINARY" : 
	[
		 0.0000000000e+00,0.0000000000e+00,0.0000000000e+00,0.0000000000e+00,0.0000000000e+00,0.0000000000e+00,0.0000000000e+00,0.0000000000e+00,0.0000000000e+00,0.0000000000e+00,0.0000000000e+00,0.0000000000e+00,0.0000000000e+00,0.0000000000e+00,0.0000000000e+00,0.0000000000e+00,0.0000000000e+00,0.0000000000e+00,0.0000000000e+00,0.0000000000e+00,0.0000000000e+00,0.0000000000e+00,0.0000000000e+00,0.0000000000e+00,0.0000000000e+00,0.0000000000e+00,0.0000000000e+00,0.0000000000e+00,0.0000000000e+00,0.0000000000e+00,0.0000000000e+00,0.0000000000e+00,0.0000000000e+00,0.0000000000e+00,0.0000000000e+00,0.0000000000e+00,0.0000000000e+00,0.0000000000e+00,0.0000000000e+00,0.0000000000e+00,0.0000000000e+00,0.0000000000e+00,0.0000000000e+00,0.0000000000e+00,0.0000000000e+00,0.0000000000e+00,0.0000000000e+00,0.0000000000e+00,0.0000000000e+00,0.0000000000e+00,0.0000000000e+00,0.0000000000e+00
	],
	"PARAM_PHIR" : 0.798190,
	"PARAM_PHII" : 0.000000
}