{
	"CONFIG_VERSION" : "0.12",
	"SYSTEM_TYPE" : "BosonsBulk",
	"OUTPUT_DIRECTORY" : "/itpstore/gartner/Output/TDVMC/asterix/",
	"N" : 100,
	"DIM" : 2,
	"N_PARAM" : 50,
	"RHO" : 1.000000,
	"RC" : 0.000000,
	"MC_STEP" : 0.500000,
	"MC_STEP_OFFSET" : 0.000000,
	"MC_NSTEPS" : 200,
	"MC_NTHERMSTEPS" : 200,
	"MC_NINITIALIZATIONSTEPS" : 200,
	"MC_NADDITIONALSTEPS" : 20,
	"MC_NADDITIONALTHERMSTEPS" : 50,
	"MC_NADDITIONALINITIALIZATIONSTEPS" : 50,
	"TIMESTEP" : 0.000050,
	"TOTALTIME" : 0.002000,
	"IMAGINARY_TIME" : 1,
	"ODE_SOLVER_TYPE" : 0,
	"USE_PARAMETER_ACCEPTANCE_CHECK" : 1,
	"PARAMETER_ACCEPTANCE_CHECK_TYPE" : 1,
	"WRITE_EVERY_NTH_STEP_TO_FILE" : 10,
	"MC_NSTEP_MULTIPLICATION_FACTOR_FOR_WRITE_DATA" : 1,
	"USE_MEAN_FOR_FINAL_PARAMETERS" : 0,
	"USE_NORMALIZE_WF" : 1,
	"USE_ADJUST_PARAMETERS" : 0,
	"UPDATE_SAMPLES_EVERY_NTH_STEP" : 1,
	"UPDATE_SAMPLES_PERCENT" : 100.000000,
	"SYSTEM_PARAMS" : 
	[
		 0.1000000000000000055511151,100.000000000000000000000000
	],
	"PARAMS_REAL" : 
	[
		 -0.2973090382799274400404954,-1.6969594154890876858132742,-2.8283823657892268599312047,-2.8100758330997250844518476,-2.6605675087367188780262950,-2.6414388966021276061724166,-2.6624500757542626239171568,-2.6857577101258054419474774,-2.7017023951996410602305332,-2.7075668782381674404291516,-2.7034479236207427099714096,-2.6905621808795925353763323,-2.6685482452961517552125770,-2.6385074923360862797494519,-2.6012047167447036599696730,-2.5542520501124745813115169,-2.5017623743450143614097669,-2.4442462586752626840791436,-2.3849063876632516922882132,-2.3207687581259630604790800,-2.2474973191563840657636320,-2.1745285906874700643243159,-2.0945342304379179765305707,-2.0156778338780387827000595,-1.9319998885626867846099231,-1.8499148212691234327564871,-1.7603469436272431991596932,-1.6707283631373985866019893,-1.5788604183149275161923697,-1.4917339364406732027390490,-1.4080956519892910971947231,-1.3142683553989560341079823,-1.2280941614204003986543512,-1.1363913330753339092638043,-1.0558692710025356920056083,-0.9756245497588821313783569,-0.8913224784944291378963044,-0.8119979304145755749644309,-0.7424914767991048769602003,-0.6657525443593255154439703,-0.6008758421850135533759385,-0.5310846791072316719350965,-0.4636517963594743996225134,-0.4017438017683486184417063,-0.3297953820419359804994031,-0.2581017205549899218297583,-0.1995762070501175544645633,-0.1385936188849081762697324,-0.0821022020489819009947396,-0.044294931354863335826177
	],
	"PARAMS_IMAGINARY" : 
	[
		 0.0000000000000000000000000,0.0000000000000000000000000,0.0000000000000000000000000,0.0000000000000000000000000,0.0000000000000000000000000,0.0000000000000000000000000,0.0000000000000000000000000,0.0000000000000000000000000,0.0000000000000000000000000,0.0000000000000000000000000,0.0000000000000000000000000,0.0000000000000000000000000,0.0000000000000000000000000,0.0000000000000000000000000,0.0000000000000000000000000,0.0000000000000000000000000,0.0000000000000000000000000,0.0000000000000000000000000,0.0000000000000000000000000,0.0000000000000000000000000,0.0000000000000000000000000,0.0000000000000000000000000,0.0000000000000000000000000,0.0000000000000000000000000,0.0000000000000000000000000,0.0000000000000000000000000,0.0000000000000000000000000,0.0000000000000000000000000,0.0000000000000000000000000,0.0000000000000000000000000,0.0000000000000000000000000,0.0000000000000000000000000,0.0000000000000000000000000,0.0000000000000000000000000,0.0000000000000000000000000,0.0000000000000000000000000,0.0000000000000000000000000,0.0000000000000000000000000,0.0000000000000000000000000,0.0000000000000000000000000,0.0000000000000000000000000,0.0000000000000000000000000,0.0000000000000000000000000,0.0000000000000000000000000,0.0000000000000000000000000,0.0000000000000000000000000,0.0000000000000000000000000,0.0000000000000000000000000,0.0000000000000000000000000,0.000000000000000000000000
	],
	"PARAM_PHIR" : 13.787910,
	"PARAM_PHII" : 0.000000
}