{
	"CONFIG_VERSION" : "0.16",
	"SYSTEM_TYPE" : "BosonClusterWithLog",
	"OUTPUT_DIRECTORY" : "/itpstore/gartner/Output/TDVMC/asterix/",
	"N" : 4,
	"DIM" : 3,
	"N_PARAM" : 25,
	"RHO" : 0.015000,
	"RC" : 8.800000,
	"MC_STEP" : 6.000000,
	"MC_STEP_OFFSET" : 0.000000,
	"MC_NSTEPS" : 200000,
	"MC_NTHERMSTEPS" : 100,
	"MC_NINITIALIZATIONSTEPS" : 1000,
	"MC_VERY_FIRST_NINITIALIZATIONSTEPS" : 1000000,
	"MC_NADDITIONALSTEPS" : 20000,
	"MC_NADDITIONALTHERMSTEPS" : 500,
	"MC_NADDITIONALINITIALIZATIONSTEPS" : 10000,
	"TIMESTEP" : 0.0000100,
	"TOTALTIME" : 0.100,
	"IMAGINARY_TIME" : 1,
	"ODE_SOLVER_TYPE" : 0,
	"USE_PARAMETER_ACCEPTANCE_CHECK" : 1,
	"PARAMETER_ACCEPTANCE_CHECK_TYPE" : 5,
	"WRITE_EVERY_NTH_STEP_TO_FILE" : 100,
	"WRITE_SINGLE_FILES" : 0,
	"MC_NSTEP_MULTIPLICATION_FACTOR_FOR_WRITE_DATA" : 1,
	"USE_MEAN_FOR_FINAL_PARAMETERS" : 1,
	"USE_NORMALIZE_WF" : 1,
	"USE_ADJUST_PARAMETERS" : 0,
	"UPDATE_SAMPLES_EVERY_NTH_STEP" : 0,
	"UPDATE_SAMPLES_PERCENT" : 100.000000,
	"GR_BIN_COUNT" : 400,
	"USE_NURBS" : 1,
	"NURBS_GRID" : 
	[
		 2.7000000000e+00,2.8000000000e+00,2.9000000000e+00,3.0000000000e+00,3.1000000000e+00,3.2000000000e+00,3.3000000000e+00,3.4500000000e+00,3.6422700000e+00,3.8705200000e+00,4.2283300000e+00,4.6086000000e+00,5.1427600000e+00,5.8271900000e+00,6.8578800000e+00,7.5305200000e+00,8.3000000000e+00,9.1500000000e+00,1.0000000000e+01,1.1000000000e+01,1.2000000000e+01,1.3000000000e+01,1.4000000000e+01,1.5000000000e+01,1.6000000000e+01,1.7000000000e+01,1.8000000000e+01,1.9000000000e+01,2.0000000000e+01,2.1000000000e+01
	],
	"SYSTEM_PARAMS" : 
	[
		 2.0000000000e-01,1.0000000000e+02
	],
	"PARAMS_REAL" : 
	[
		 -6.9216336214e+02,-3.3806830795e+00,-2.9187253282e+00,-2.4710606204e+00,-2.0226798155e+00,-1.5946612047e+00,-1.1866300565e+00,-8.7522050376e-01,-6.4289936085e-01,-5.0217129649e-01,-4.3616148155e-01,-4.4431644624e-01,-4.7486246303e-01,-5.1206705643e-01,-5.5451409227e-01,-6.0040635632e-01,-6.4636805064e-01,-6.9137195828e-01,-7.3294941441e-01,-7.7138861393e-01,-8.0684221277e-01,-8.3992762449e-01,-8.7023536421e-01,-4.1663467368e-01,-2.6796759983e-02
	],
	"PARAMS_IMAGINARY" : 
	[
		 0.0000000000e+00,0.0000000000e+00,0.0000000000e+00,0.0000000000e+00,0.0000000000e+00,0.0000000000e+00,0.0000000000e+00,0.0000000000e+00,0.0000000000e+00,0.0000000000e+00,0.0000000000e+00,0.0000000000e+00,0.0000000000e+00,0.0000000000e+00,0.0000000000e+00,0.0000000000e+00,0.0000000000e+00,0.0000000000e+00,0.0000000000e+00,0.0000000000e+00,0.0000000000e+00,0.0000000000e+00,0.0000000000e+00,0.0000000000e+00,0.0000000000e+00
	],
	"PARAM_PHIR" : 7.0558,
	"PARAM_PHII" : 0.000000
}