{
	"CONFIG_VERSION" : "0.19",
	"SYSTEM_TYPE" : "NUBosonsBulkPB",
	"OUTPUT_DIRECTORY" : "/itpstore/gartner/Output/TDVMC/asterix/",
	"N" : 1728,
	"DIM" : 3,
	"N_PARAM" : 200,
	"RHO" : 1.000000,
	"RC" : 0.000000,
	"MC_STEP" : 0.500000,
	"MC_STEP_OFFSET" : 0.000000,
	"MC_NSTEPS" : 50,
	"MC_NTHERMSTEPS" : 200,
	"MC_NINITIALIZATIONSTEPS" : 400,
	"MC_VERY_FIRST_NINITIALIZATIONSTEPS" : 500000,
	"MC_NADDITIONALSTEPS" : 200,
	"MC_NADDITIONALTHERMSTEPS" : 50,
	"MC_NADDITIONALINITIALIZATIONSTEPS" : 50,
	"TIMESTEP" : 0.000010,
	"TOTALTIME" : 0.000010,
	"IMAGINARY_TIME" : 0,
	"ODE_SOLVER_TYPE" : 0,
	"USE_PRECONDITIONING" : 1,
	"USE_PARAMETER_ACCEPTANCE_CHECK" : 1,
	"PARAMETER_ACCEPTANCE_CHECK_TYPE" : 5,
	"WRITE_EVERY_NTH_STEP_TO_FILE" : 1,
	"CALCULATE_ADDITIONAL_DATA_EVERY_NTH_STEP" : 1,
	"WRITE_SINGLE_FILES" : 0,
	"MC_NSTEP_MULTIPLICATION_FACTOR_FOR_WRITE_DATA" : 1,
	"USE_MEAN_FOR_FINAL_PARAMETERS" : 0,
	"USE_NORMALIZE_WF" : 1,
	"USE_ADJUST_PARAMETERS" : 0,
	"UPDATE_SAMPLES_EVERY_NTH_STEP" : 1,
	"UPDATE_SAMPLES_PERCENT" : 100.000000,
	"GR_BIN_COUNT" : 400,
	"USE_NURBS" : 1,
	"NURBS_GRID" : 
	[
		0.,0.03,0.06,0.09,0.12,0.15,0.18,0.21,0.24,0.27,0.3,0.33,0.36,0.39,0.42,0.45,0.48,0.51,0.54,0.57,0.6,0.63,0.66,0.69,0.72,0.75,0.78,0.81,0.84,0.87,0.9,0.93,0.96,0.99,1.02,1.05,1.08,1.11,1.14,1.17,1.2,1.23,1.26,1.29,1.32,1.35,1.38,1.41,1.44,1.47,1.5,1.53,1.56,1.59,1.62,1.65,1.68,1.71,1.74,1.77,1.8,1.83,1.86,1.89,1.92,1.95,1.98,2.01,2.04,2.07,2.1,2.13,2.16,2.19,2.22,2.25,2.28,2.31,2.34,2.37,2.4,2.43,2.46,2.49,2.52,2.55,2.58,2.61,2.64,2.67,2.7,2.73,2.76,2.79,2.82,2.85,2.88,2.91,2.94,2.97,3.,3.03,3.06,3.09,3.12,3.15,3.18,3.21,3.24,3.27,3.3,3.33,3.36,3.39,3.42,3.45,3.48,3.51,3.54,3.57,3.6,3.63,3.66,3.69,3.72,3.75,3.78,3.81,3.84,3.87,3.9,3.93,3.96,3.99,4.02,4.05,4.08,4.11,4.14,4.17,4.2,4.23,4.26,4.29,4.32,4.35,4.38,4.41,4.44,4.47,4.5,4.53,4.56,4.59,4.62,4.65,4.68,4.71,4.74,4.77,4.8,4.83,4.86,4.89,4.92,4.95,4.98,5.01,5.04,5.07,5.1,5.13,5.16,5.19,5.22,5.25,5.28,5.31,5.34,5.37,5.4,5.43,5.46,5.49,5.52,5.55,5.58,5.61,5.64,5.67,5.7,5.73,5.76,5.79,5.82,5.85,5.88,5.91,5.94,5.97,6.
	],
	"PARTICLE_TYPES" : 
	[
		 0
	],
	"SYSTEM_PARAMS" : 
	[
		0.0, 0.0, 0.0, 0.10, 50.0
	],
	"PARAMS_REAL" : 
	[
		0.,0.,0.,0.,0.,0.,0.,0.,0.,0.,0.,0.,0.,0.,0.,0.,0.,0.,0.,0.,0.,0.,0.,0.,0.,0.,0.,0.,0.,0.,0.,0.,0.,0.,0.,0.,0.,0.,0.,0.,0.,0.,0.,0.,0.,0.,0.,0.,0.,0.,0.,0.,0.,0.,0.,0.,0.,0.,0.,0.,0.,0.,0.,0.,0.,0.,0.,0.,0.,0.,0.,0.,0.,0.,0.,0.,0.,0.,0.,0.,0.,0.,0.,0.,0.,0.,0.,0.,0.,0.,0.,0.,0.,0.,0.,0.,0.,0.,0.,0.,0.,0.,0.,0.,0.,0.,0.,0.,0.,0.,0.,0.,0.,0.,0.,0.,0.,0.,0.,0.,0.,0.,0.,0.,0.,0.,0.,0.,0.,0.,0.,0.,0.,0.,0.,0.,0.,0.,0.,0.,0.,0.,0.,0.,0.,0.,0.,0.,0.,0.,0.,0.,0.,0.,0.,0.,0.,0.,0.,0.,0.,0.,0.,0.,0.,0.,0.,0.,0.,0.,0.,0.,0.,0.,0.,0.,0.,0.,0.,0.,0.,0.,0.,0.,0.,0.,0.,0.,0.,0.,0.,0.,0.,0.,0.,0.,0.,0.,0.,0.
	],
	"PARAMS_IMAGINARY" : 
	[
		0.,0.,0.,0.,0.,0.,0.,0.,0.,0.,0.,0.,0.,0.,0.,0.,0.,0.,0.,0.,0.,0.,0.,0.,0.,0.,0.,0.,0.,0.,0.,0.,0.,0.,0.,0.,0.,0.,0.,0.,0.,0.,0.,0.,0.,0.,0.,0.,0.,0.,0.,0.,0.,0.,0.,0.,0.,0.,0.,0.,0.,0.,0.,0.,0.,0.,0.,0.,0.,0.,0.,0.,0.,0.,0.,0.,0.,0.,0.,0.,0.,0.,0.,0.,0.,0.,0.,0.,0.,0.,0.,0.,0.,0.,0.,0.,0.,0.,0.,0.,0.,0.,0.,0.,0.,0.,0.,0.,0.,0.,0.,0.,0.,0.,0.,0.,0.,0.,0.,0.,0.,0.,0.,0.,0.,0.,0.,0.,0.,0.,0.,0.,0.,0.,0.,0.,0.,0.,0.,0.,0.,0.,0.,0.,0.,0.,0.,0.,0.,0.,0.,0.,0.,0.,0.,0.,0.,0.,0.,0.,0.,0.,0.,0.,0.,0.,0.,0.,0.,0.,0.,0.,0.,0.,0.,0.,0.,0.,0.,0.,0.,0.,0.,0.,0.,0.,0.,0.,0.,0.,0.,0.,0.,0.,0.,0.,0.,0.,0.,0.
	],
	"PARAM_PHIR" : 0,
	"PARAM_PHII" : 0.000000
}
