{
	"CONFIG_VERSION" : "0.20",
	"SYSTEM_TYPE" : "NUBosonsBulkPBWhitehead",
	"OUTPUT_DIRECTORY" : "/itpstore/gartner/Output/TDVMC/asterix/",
	"N" : 25,
	"DIM" : 2,
	"LBOX" : 5,
	"N_PARAM" : 50,
	"RHO" : 1.000000,
	"RC" : 0.000000,
	"MC_STEP" : 0.500000,
	"MC_STEP_OFFSET" : 0.000000,
	"MC_NSTEPS" : 200,
	"MC_NTHERMSTEPS" : 25,
	"MC_NINITIALIZATIONSTEPS" : 25,
	"MC_VERY_FIRST_NINITIALIZATIONSTEPS" : 10000,
	"MC_NADDITIONALSTEPS" : 500000,
	"MC_NADDITIONALTHERMSTEPS" : 50,
	"MC_NADDITIONALINITIALIZATIONSTEPS" : 100,
	"TIMESTEP" : 0.00010,
	"TOTALTIME" : 0.01,
	"IMAGINARY_TIME" : 1,
	"ODE_SOLVER_TYPE" : 0,
	"USE_PRECONDITIONING" : 1,
	"USE_PARAMETER_ACCEPTANCE_CHECK" : 1,
	"PARAMETER_ACCEPTANCE_CHECK_TYPE" : 5,
	"WRITE_EVERY_NTH_STEP_TO_FILE" : 50,
	"CALCULATE_ADDITIONAL_DATA_EVERY_NTH_STEP" : 50,
	"WRITE_SINGLE_FILES" : 0,
	"MC_NSTEP_MULTIPLICATION_FACTOR_FOR_WRITE_DATA" : 1,
	"USE_MEAN_FOR_FINAL_PARAMETERS" : 0,
	"USE_NORMALIZE_WF" : 1,
	"USE_ADJUST_PARAMETERS" : 0,
	"UPDATE_SAMPLES_EVERY_NTH_STEP" : 0,
	"UPDATE_SAMPLES_PERCENT" : 100.000000,
	"GR_BIN_COUNT" : 400,
	"USE_NURBS" : 1,
	"NURBS_GRID" : 
	[
		 0,0.0530330085889911,0.106066017177982,0.159099025766973,0.212132034355964,0.265165042944955,0.318198051533946,0.371231060122937,0.424264068711929,0.477297077300920,0.530330085889911,0.583363094478902,0.636396103067893,0.689429111656884,0.742462120245875,0.795495128834866,0.848528137423857,0.901561146012848,0.954594154601839,1.00762716319083,1.06066017177982,1.11369318036881,1.16672618895780,1.21975919754679,1.27279220613579,1.32582521472478,1.37885822331377,1.43189123190276,1.48492424049175,1.53795724908074,1.59099025766973,1.64402326625872,1.69705627484771,1.75008928343671,1.80312229202570,1.85615530061469,1.90918830920368,1.96222131779267,2.01525432638166,2.06828733497065,2.12132034355964,2.17435335214863,2.22738636073762,2.28041936932662,2.33345237791561,2.38648538650460,2.43951839509359,2.49255140368258,2.54558441227157,2.59861742086056,2.65165042944955
	],
	"PARTICLE_TYPES" : 
	[
		 0
	],
	"SYSTEM_PARAMS" : 
	[
		 1.0000000000e-01,5.0000000000e+01
	],
	"PARAMS_REAL" : 
	[
		 -0.377906,-0.360041,-0.314721,-0.260222,-0.209899,-0.168842,-0.136596,-0.111488,-0.0913374,-0.0751172,-0.0617196,-0.0506191,-0.0413213,-0.0334769,-0.0268705,-0.0211939,-0.0164543,-0.0123361,-0.00882139,-0.00578468,-0.00317202,-0.000946635,0.000933162,0.0025768,0.00398148,0.00519459,0.00620875,0.00709904,0.00782286,0.00843301,0.008967,0.00942582,0.00979777,0.010102,0.0103705,0.0105756,0.010751,0.0108719,0.0110016,0.011075,0.0111506,0.0112154,0.0112233,0.0112437,0.0112759,0.0112648,0.011267,0.0112786,0.0112779,0.0112451
	],
	"PARAMS_IMAGINARY" : 
	[
		 0.0000000000e+00,0.0000000000e+00,0.0000000000e+00,0.0000000000e+00,0.0000000000e+00,0.0000000000e+00,0.0000000000e+00,0.0000000000e+00,0.0000000000e+00,0.0000000000e+00,0.0000000000e+00,0.0000000000e+00,0.0000000000e+00,0.0000000000e+00,0.0000000000e+00,0.0000000000e+00,0.0000000000e+00,0.0000000000e+00,0.0000000000e+00,0.0000000000e+00
	],
	"PARAM_PHIR" : -0.113495,
	"PARAM_PHII" : 0.000000
}