{
	"CONFIG_VERSION" : "0.24",
	"SYSTEM_TYPE" : "Bosons1D",
	"OUTPUT_DIRECTORY" : "/itpstore/gartner/Output/TDVMC/asterix/",
	"OUT_DIR_SUFFIX" : "_QU_overlap_U=8",
	"OUT_DIR_NAME" : "",
	"N" : 5,
	"LBOX" : 5.0,
	"DIM" : 1,
	"N_PARAM" : 51,
	"USE_PARAM_START" : 0,
	"USE_PARAM_END" : 50,
	"RHO" : 1.000000,
	"RC" : 0.000000,
	"MC_STEP" : 0.500000,
	"MC_STEP_OFFSET" : 0.000000,
	"MC_NSTEPS" : 1000,
	"MC_NTHERMSTEPS" : 100,
	"MC_NINITIALIZATIONSTEPS" : 1000,
	"MC_VERY_FIRST_NINITIALIZATIONSTEPS" : 10000,
	"MC_NADDITIONALSTEPS" : 50000,
	"MC_NADDITIONALTHERMSTEPS" : 100,
	"MC_NADDITIONALINITIALIZATIONSTEPS" : 1000,
	"MC_NFINALSTEPS_MULTIPLICATOR" : 10,
	"TIMESTEP" : 0.0002000,
	"TOTALTIME" : 10.0000000,
	"IMAGINARY_TIME" : 0,
	"ODE_SOLVER_TYPE" : 2,
	"LINEAR_EQUATION_SOLVER_TYPE" : 1,
	"USE_PRECONDITIONING" : 1,
	"USE_PARAMETER_ACCEPTANCE_CHECK" : 1,
	"PARAMETER_ACCEPTANCE_CHECK_TYPE" : 5,
	"WRITE_EVERY_NTH_STEP_TO_FILE" : 100,
	"CALCULATE_ADDITIONAL_DATA_EVERY_NTH_STEP" : 100,
	"WRITE_SINGLE_FILES" : 0,
	"MC_NSTEP_MULTIPLICATION_FACTOR_FOR_WRITE_DATA" : 1,
	"USE_MEAN_FOR_FINAL_PARAMETERS" : 0,
	"USE_NORMALIZE_WF" : 0,
	"USE_ADJUST_PARAMETERS" : 0,
	"UPDATE_SAMPLES_EVERY_NTH_STEP" : 0,
	"UPDATE_SAMPLES_PERCENT" : 100.000000,
	"GR_BIN_COUNT" : 100,
	"RHO_BIN_COUNT" : 0,
	"USE_NURBS" : 0,
	"NURBS_GRID" : 
	[
		 0.000000000000000e+00
	],
	"PARTICLE_TYPES" : 
	[
		 0
	],
	"SYSTEM_PARAMS" : 
	[
		 2.000000000000000e-01,8.0
	],
	"PARAMS_REAL" : 
	[
		 -3.286218621374740e-01,-3.259361663795164e-01,-3.180953359192498e-01,-3.057154249392575e-01,-2.896661302371333e-01,-2.709704837111384e-01,-2.506050252441516e-01,-2.294288495992496e-01,-2.081021059623365e-01,-1.870949065199674e-01,-1.667132121067035e-01,-1.471158509953810e-01,-1.283805676556636e-01,-1.105222326167889e-01,-9.352752466904080e-02,-7.736671007524959e-02,-6.200263735299754e-02,-4.740047388792224e-02,-3.352443370430908e-02,-2.033720656032399e-02,-7.813712181843740e-03,4.084151308368399e-03,1.537631851190286e-02,2.609176557735594e-02,3.625048172755990e-02,4.587907979096244e-02,5.499347738969944e-02,6.361660562071980e-02,7.175883648988592e-02,7.944537672818698e-02,8.668485593888763e-02,9.349246555729161e-02,9.988075273104796e-02,1.058621188297728e-01,1.114493893206344e-01,1.166503061008033e-01,1.214742765800667e-01,1.259307112311047e-01,1.300269049483453e-01,1.337721170043767e-01,1.371691771354159e-01,1.402293981813511e-01,1.429507818359826e-01,1.453434872831237e-01,1.474068422521606e-01,1.491503776839666e-01,1.505715134430079e-01,1.516726440937873e-01,1.524593706915539e-01,1.529272644892695e-01,1.530866611908915e-01
	],
	"PARAMS_IMAGINARY" : 
	[
		 0.000000000000000e+00,0.000000000000000e+00,0.000000000000000e+00,0.000000000000000e+00,0.000000000000000e+00,0.000000000000000e+00,0.000000000000000e+00,0.000000000000000e+00,0.000000000000000e+00,0.000000000000000e+00,0.000000000000000e+00,0.000000000000000e+00,0.000000000000000e+00,0.000000000000000e+00,0.000000000000000e+00,0.000000000000000e+00,0.000000000000000e+00,0.000000000000000e+00,0.000000000000000e+00,0.000000000000000e+00,0.000000000000000e+00,0.000000000000000e+00,0.000000000000000e+00,0.000000000000000e+00,0.000000000000000e+00,0.000000000000000e+00,0.000000000000000e+00,0.000000000000000e+00,0.000000000000000e+00,0.000000000000000e+00,0.000000000000000e+00,0.000000000000000e+00,0.000000000000000e+00,0.000000000000000e+00,0.000000000000000e+00,0.000000000000000e+00,0.000000000000000e+00,0.000000000000000e+00,0.000000000000000e+00,0.000000000000000e+00,0.000000000000000e+00,0.000000000000000e+00,0.000000000000000e+00,0.000000000000000e+00,0.000000000000000e+00,0.000000000000000e+00,0.000000000000000e+00,0.000000000000000e+00,0.000000000000000e+00,0.000000000000000e+00,0.000000000000000e+00
	],
	"PARAM_PHIR" : -4.051826,
	"PARAM_PHII" : 0.000000
}