{
	"CONFIG_VERSION" : "0.17",
	"SYSTEM_TYPE" : "BosonClusterWithLogParam",
	"OUTPUT_DIRECTORY" : "/itpstore/gartner/Output/TDVMC/asterix/",
	"N" : 4,
	"DIM" : 3,
	"N_PARAM" : 26,
	"RHO" : 0.015000,
	"RC" : 8.800000,
	"MC_STEP" : 10.000000,
	"MC_STEP_OFFSET" : 0.000000,
	"MC_NSTEPS" : 5000,
	"MC_NTHERMSTEPS" : 25,
	"MC_NINITIALIZATIONSTEPS" : 1000,
	"MC_VERY_FIRST_NINITIALIZATIONSTEPS" : 1000000,
	"MC_NADDITIONALSTEPS" : 20000,
	"MC_NADDITIONALTHERMSTEPS" : 500,
	"MC_NADDITIONALINITIALIZATIONSTEPS" : 10000,
	"TIMESTEP" : 0.000100,
	"TOTALTIME" : 0.05,
	"IMAGINARY_TIME" : 1,
	"ODE_SOLVER_TYPE" : 0,
	"USE_PARAMETER_ACCEPTANCE_CHECK" : 1,
	"PARAMETER_ACCEPTANCE_CHECK_TYPE" : 5,
	"WRITE_EVERY_NTH_STEP_TO_FILE" : 100,
	"WRITE_SINGLE_FILES" : 0,
	"MC_NSTEP_MULTIPLICATION_FACTOR_FOR_WRITE_DATA" : 1,
	"USE_MEAN_FOR_FINAL_PARAMETERS" : 1,
	"USE_NORMALIZE_WF" : 1,
	"USE_ADJUST_PARAMETERS" : 0,
	"UPDATE_SAMPLES_EVERY_NTH_STEP" : 0,
	"UPDATE_SAMPLES_PERCENT" : 100.000000,
	"GR_BIN_COUNT" : 400,
	"USE_NURBS" : 1,
	"NURBS_GRID" : 
	[
		 2.7000000000e+00,2.8000000000e+00,2.9000000000e+00,3.0000000000e+00,3.1000000000e+00,3.2000000000e+00,3.3000000000e+00,3.4500000000e+00,3.6422700000e+00,3.8705200000e+00,4.2283300000e+00,4.6086000000e+00,5.1427600000e+00,5.8271900000e+00,6.8578800000e+00,7.5305200000e+00,8.3000000000e+00,9.1500000000e+00,1.0000000000e+01,1.1000000000e+01,1.2000000000e+01,1.3000000000e+01,1.4000000000e+01,1.5000000000e+01,1.6000000000e+01,1.7000000000e+01,1.8000000000e+01,1.9000000000e+01,2.0000000000e+01,2.1000000000e+01
	],
	"SYSTEM_PARAMS" : 
	[
		 2.0000000000e-01,1.0000000000e+02
	],
	"PARAMS_REAL" : 
	[
		-6.9681519013e+02,-3.3988917869e+00,-2.9224780138e+00,-2.4576080472e+00,-1.9871350066e+00,-1.5321949218e+00,-1.0895556777e+00,-7.3823857447e-01,-4.5782071261e-01,-2.6244050672e-01,-1.2850645370e-01,-7.5138239150e-02,-5.0075087317e-02,-4.1141118406e-02,-3.9350704293e-02,-4.2213751341e-02,-4.8072808014e-02,-5.6055599902e-02,-6.5147047432e-02,-7.4984148892e-02,-8.5383297401e-02,-9.6141538043e-02,-1.0733164292e-01,9.6180239549e-02,-1.1939875101e-02,-4.9143708779e-01
	],
	"PARAMS_IMAGINARY" : 
	[
		 0.0000000000e+00,0.0000000000e+00,0.0000000000e+00,0.0000000000e+00,0.0000000000e+00,0.0000000000e+00,0.0000000000e+00,0.0000000000e+00,0.0000000000e+00,0.0000000000e+00,0.0000000000e+00,0.0000000000e+00,0.0000000000e+00,0.0000000000e+00,0.0000000000e+00,0.0000000000e+00,0.0000000000e+00,0.0000000000e+00,0.0000000000e+00,0.0000000000e+00,0.0000000000e+00,0.0000000000e+00,0.0000000000e+00,0.0000000000e+00,0.0000000000e+00,0.0000000000e+00
	],
	"PARAM_PHIR" : 9.057263,
	"PARAM_PHII" : 0.000000
}
