{
	"CONFIG_VERSION" : "0.16",
	"SYSTEM_TYPE" : "BosonClusterWithLogParam",
	"OUTPUT_DIRECTORY" : "/itpstore/gartner/Output/TDVMC/asterix/",
	"N" : 4,
	"DIM" : 3,
	"N_PARAM" : 26,
	"RHO" : 0.015000,
	"RC" : 8.800000,
	"MC_STEP" : 10.000000,
	"MC_STEP_OFFSET" : 0.000000,
	"MC_NSTEPS" : 100000,
	"MC_NTHERMSTEPS" : 100,
	"MC_NINITIALIZATIONSTEPS" : 1000,
	"MC_VERY_FIRST_NINITIALIZATIONSTEPS" : 1000000,
	"MC_NADDITIONALSTEPS" : 20000,
	"MC_NADDITIONALTHERMSTEPS" : 500,
	"MC_NADDITIONALINITIALIZATIONSTEPS" : 10000,
	"TIMESTEP" : 0.000200,
	"TOTALTIME" : 20.000000,
	"IMAGINARY_TIME" : 1,
	"ODE_SOLVER_TYPE" : 0,
	"USE_PARAMETER_ACCEPTANCE_CHECK" : 1,
	"PARAMETER_ACCEPTANCE_CHECK_TYPE" : 5,
	"WRITE_EVERY_NTH_STEP_TO_FILE" : 1,
	"WRITE_SINGLE_FILES" : 0,
	"MC_NSTEP_MULTIPLICATION_FACTOR_FOR_WRITE_DATA" : 1,
	"USE_MEAN_FOR_FINAL_PARAMETERS" : 1,
	"USE_NORMALIZE_WF" : 1,
	"USE_ADJUST_PARAMETERS" : 0,
	"UPDATE_SAMPLES_EVERY_NTH_STEP" : 0,
	"UPDATE_SAMPLES_PERCENT" : 100.000000,
	"GR_BIN_COUNT" : 400,
	"USE_NURBS" : 1,
	"NURBS_GRID" : 
	[
		 2.7000000000e+00,2.8000000000e+00,2.9000000000e+00,3.0000000000e+00,3.1000000000e+00,3.2000000000e+00,3.3000000000e+00,3.4500000000e+00,3.6422700000e+00,3.8705200000e+00,4.2283300000e+00,4.6086000000e+00,5.1427600000e+00,5.8271900000e+00,6.8578800000e+00,7.5305200000e+00,8.3000000000e+00,9.1500000000e+00,1.0000000000e+01,1.1000000000e+01,1.2000000000e+01,1.3000000000e+01,1.4000000000e+01,1.5000000000e+01,1.6000000000e+01,1.7000000000e+01,1.8000000000e+01,1.9000000000e+01,2.0000000000e+01,2.1000000000e+01
	],
	"SYSTEM_PARAMS" : 
	[
		 2.0000000000e-01,1.0000000000e+02
	],
	"PARAMS_REAL" : 
	[
		 -6.9566589080e+02,-3.3979953630e+00,-2.9323894131e+00,-2.4808653030e+00,-2.0279530212e+00,-1.5946707216e+00,-1.1800045528e+00,-8.6099077016e-01,-6.1956289315e-01,-4.6857627650e-01,-3.9010499024e-01,-3.8758643425e-01,-4.0922134563e-01,-4.3966696602e-01,-4.7643897001e-01,-5.1782600004e-01,-5.6086313184e-01,-6.0476385027e-01,-6.4699511956e-01,-6.8782916119e-01,-7.2689134329e-01,-7.6540329313e-01,-8.0089499108e-01,-3.4011087651e-01,-2.7557836935e-02, -0.0833333333
	],
	"PARAMS_IMAGINARY" : 
	[
		 0.0000000000e+00,0.0000000000e+00,0.0000000000e+00,0.0000000000e+00,0.0000000000e+00,0.0000000000e+00,0.0000000000e+00,0.0000000000e+00,0.0000000000e+00,0.0000000000e+00,0.0000000000e+00,0.0000000000e+00,0.0000000000e+00,0.0000000000e+00,0.0000000000e+00,0.0000000000e+00,0.0000000000e+00,0.0000000000e+00,0.0000000000e+00,0.0000000000e+00,0.0000000000e+00,0.0000000000e+00,0.0000000000e+00,0.0000000000e+00,0.0000000000e+00
	],
	"PARAM_PHIR" : 7.428426,
	"PARAM_PHII" : 0.000000
}