{
	"CONFIG_VERSION" : "0.12",
	"SYSTEM_TYPE" : "BosonsBulk",
	"OUTPUT_DIRECTORY" : "/itpstore/gartner/Output/TDVMC/asterix/",
	"N" : 64,
	"DIM" : 3,
	"N_PARAM" : 50,
	"RHO" : 1.000000,
	"RC" : 0.000000,
	"MC_STEP" : 0.500000,
	"MC_STEP_OFFSET" : 0.000000,
	"MC_NSTEPS" : 400,
	"MC_NTHERMSTEPS" : 100,
	"MC_NINITIALIZATIONSTEPS" : 100,
	"MC_NADDITIONALSTEPS" : 50,
	"MC_NADDITIONALTHERMSTEPS" : 50,
	"MC_NADDITIONALINITIALIZATIONSTEPS" : 50,
	"TIMESTEP" : 0.00001,
	"TOTALTIME" : 0.1,
	"IMAGINARY_TIME" : 0,
	"ODE_SOLVER_TYPE" : 3,
	"USE_PARAMETER_ACCEPTANCE_CHECK" : 1,
	"PARAMETER_ACCEPTANCE_CHECK_TYPE" : 1,
	"WRITE_EVERY_NTH_STEP_TO_FILE" : 100,
	"MC_NSTEP_MULTIPLICATION_FACTOR_FOR_WRITE_DATA" : 1,
	"USE_MEAN_FOR_FINAL_PARAMETERS" : 0,
	"USE_NORMALIZE_WF" : 1,
	"USE_ADJUST_PARAMETERS" : 0,
	"UPDATE_SAMPLES_EVERY_NTH_STEP" : 1,
	"UPDATE_SAMPLES_PERCENT" : 0.25,
	"SYSTEM_PARAMS" : 
	[
		 0.1000000000000000055511151,100.00000000000000000000000
	],
	"PARAMS_REAL" : 
	[
		 -0.3953219578100445885660008,-1.6389462837335777578573470,-3.5591210660104275476101066,-5.7173698348174069039373535,-7.6567464388560999566379905,-9.1294540430010258091897413,-10.1335995432062269117068354,-10.8012986406695077334916277,-11.2749416373308335437286587,-11.6469283162874504000683373,-11.9601871799066898915953061,-12.2282372625483475303553860,-12.4538365904305567966048329,-12.6364219967489876950139660,-12.7753483916086878480200539,-12.8707948940766900847165743,-12.9232330061930493769750683,-12.9337510231941248406428713,-12.9028893239659296909849218,-12.8324747919622783598470050,-12.7234334345863171478185905,-12.5772688861528543213808007,-12.3954594993491404864016658,-12.1798206705237941349651010,-11.9318369225563181146299030,-11.6531776065979695289342999,-11.3453127804982383253218359,-11.0100018693514005718725457,-10.6489396285518989060392414,-10.2639421352263475739619025,-9.8569265097642819739576225,-9.4290620832202414192124706,-8.9821345775004495237681112,-8.5187216720266007996542612,-8.0402815173769628387390185,-7.5487613199491843118948964,-7.0455854424029844551569113,-6.5331078361243646313027966,-6.0129725809764300592519248,-5.4869796797277050615093685,-4.9573423266353024985164666,-4.4260990131616191334273935,-3.8956593212226433564637773,-3.3677509343365037430828579,-2.8431641455912917137993645,-2.3286991918255388611669332,-1.8160575325455472484037500,-1.3333578180750975672452796,-0.8221983386487775602446959,-0.429962461091236591848030
	],
	"PARAMS_IMAGINARY" : 
	[
		 0.0000000000000000000000000,0.0000000000000000000000000,0.0000000000000000000000000,0.0000000000000000000000000,0.0000000000000000000000000,0.0000000000000000000000000,0.0000000000000000000000000,0.0000000000000000000000000,0.0000000000000000000000000,0.0000000000000000000000000,0.0000000000000000000000000,0.0000000000000000000000000,0.0000000000000000000000000,0.0000000000000000000000000,0.0000000000000000000000000,0.0000000000000000000000000,0.0000000000000000000000000,0.0000000000000000000000000,0.0000000000000000000000000,0.0000000000000000000000000,0.0000000000000000000000000,0.0000000000000000000000000,0.0000000000000000000000000,0.0000000000000000000000000,0.0000000000000000000000000,0.0000000000000000000000000,0.0000000000000000000000000,0.0000000000000000000000000,0.0000000000000000000000000,0.0000000000000000000000000,0.0000000000000000000000000,0.0000000000000000000000000,0.0000000000000000000000000,0.0000000000000000000000000,0.0000000000000000000000000,0.0000000000000000000000000,0.0000000000000000000000000,0.0000000000000000000000000,0.0000000000000000000000000,0.0000000000000000000000000,0.0000000000000000000000000,0.0000000000000000000000000,0.0000000000000000000000000,0.0000000000000000000000000,0.0000000000000000000000000,0.0000000000000000000000000,0.0000000000000000000000000,0.0000000000000000000000000,0.0000000000000000000000000,0.000000000000000000000000
	],
	"PARAM_PHIR" : 8.098845,
	"PARAM_PHII" : 0.000000
}
