{
	"CONFIG_VERSION" : "0.17",
	"SYSTEM_TYPE" : "BosonMixtureCluster",
	"OUTPUT_DIRECTORY" : "/itpstore/gartner/Output/TDVMC/asterix/",
	"N" : 3,
	"DIM" : 3,
	"N_PARAM" : 52,
	"RHO" : 0.015000,
	"RC" : 8.800000,
	"MC_STEP" : 10.000000,
	"MC_STEP_OFFSET" : 0.000000,
	"MC_NSTEPS" : 500000,
	"MC_NTHERMSTEPS" : 25,
	"MC_NINITIALIZATIONSTEPS" : 1000,
	"MC_VERY_FIRST_NINITIALIZATIONSTEPS" : 1000000,
	"MC_NADDITIONALSTEPS" : 20000,
	"MC_NADDITIONALTHERMSTEPS" : 500,
	"MC_NADDITIONALINITIALIZATIONSTEPS" : 10000,
	"TIMESTEP" : 0.000100,
	"TOTALTIME" : 20,
	"IMAGINARY_TIME" : 1,
	"ODE_SOLVER_TYPE" : 0,
	"USE_PARAMETER_ACCEPTANCE_CHECK" : 1,
	"PARAMETER_ACCEPTANCE_CHECK_TYPE" : 5,
	"WRITE_EVERY_NTH_STEP_TO_FILE" : 100,
	"WRITE_SINGLE_FILES" : 0,
	"MC_NSTEP_MULTIPLICATION_FACTOR_FOR_WRITE_DATA" : 1,
	"USE_MEAN_FOR_FINAL_PARAMETERS" : 1,
	"USE_NORMALIZE_WF" : 1,
	"USE_ADJUST_PARAMETERS" : 0,
	"UPDATE_SAMPLES_EVERY_NTH_STEP" : 0,
	"UPDATE_SAMPLES_PERCENT" : 100.000000,
	"GR_BIN_COUNT" : 400,
	"USE_NURBS" : 1,
	"NURBS_GRID" : 
	[
		 2.7000000000e+00,2.8000000000e+00,2.9000000000e+00,3.0000000000e+00,3.1000000000e+00,3.2000000000e+00,3.3000000000e+00,3.4500000000e+00,3.6422700000e+00,3.8705200000e+00,4.2283300000e+00,4.6086000000e+00,5.1427600000e+00,5.8271900000e+00,6.8578800000e+00,7.5305200000e+00,8.3000000000e+00,9.1500000000e+00,1.0000000000e+01,1.1000000000e+01,1.2000000000e+01,1.3000000000e+01,1.4000000000e+01,1.5000000000e+01,1.6000000000e+01,1.7000000000e+01,1.8000000000e+01,1.9000000000e+01,2.0000000000e+01,2.1000000000e+01
	],
	"PARTICLE_TYPES" :
	[
		1, 1, 2
	],
	"SYSTEM_PARAMS" : 
	[
		 2.0000000000e-01,1.0000000000e+02
	],
	"PARAMS_REAL" : 
	[
		-6.9405621957e+02,-3.3832038434e+00,-2.9075374700e+00,-2.4430777983e+00,-1.9737726498e+00,-1.5201362481e+00,-1.0789733057e+00,-7.2948749100e-01,-4.5121695764e-01,-2.5831267118e-01,-1.2743854835e-01,-7.6883251386e-02,-5.4391972293e-02,-4.7631429301e-02,-4.7966492077e-02,-5.2956695212e-02,-6.0877842329e-02,-7.0867059402e-02,-8.1831419111e-02,-9.3436972809e-02,-1.0550837767e-01,-1.1788097301e-01,-1.3058462119e-01,9.4964325500e-02,-1.3245972646e-02,-4.6815632373e-01, -6.9405621957e+02,-3.3832038434e+00,-2.9075374700e+00,-2.4430777983e+00,-1.9737726498e+00,-1.5201362481e+00,-1.0789733057e+00,-7.2948749100e-01,-4.5121695764e-01,-2.5831267118e-01,-1.2743854835e-01,-7.6883251386e-02,-5.4391972293e-02,-4.7631429301e-02,-4.7966492077e-02,-5.2956695212e-02,-6.0877842329e-02,-7.0867059402e-02,-8.1831419111e-02,-9.3436972809e-02,-1.0550837767e-01,-1.1788097301e-01,-1.3058462119e-01,9.4964325500e-02,-1.3245972646e-02,-4.6815632373e-01, -6.9405621957e+02,-3.3832038434e+00,-2.9075374700e+00,-2.4430777983e+00,-1.9737726498e+00,-1.5201362481e+00,-1.0789733057e+00,-7.2948749100e-01,-4.5121695764e-01,-2.5831267118e-01,-1.2743854835e-01,-7.6883251386e-02,-5.4391972293e-02,-4.7631429301e-02,-4.7966492077e-02,-5.2956695212e-02,-6.0877842329e-02,-7.0867059402e-02,-8.1831419111e-02,-9.3436972809e-02,-1.0550837767e-01,-1.1788097301e-01,-1.3058462119e-01,9.4964325500e-02,-1.3245972646e-02,-4.6815632373e-01
	],
	"PARAMS_IMAGINARY" : 
	[
		 0.0000000000e+00,0.0000000000e+00,0.0000000000e+00,0.0000000000e+00,0.0000000000e+00,0.0000000000e+00,0.0000000000e+00,0.0000000000e+00,0.0000000000e+00,0.0000000000e+00,0.0000000000e+00,0.0000000000e+00,0.0000000000e+00,0.0000000000e+00,0.0000000000e+00,0.0000000000e+00,0.0000000000e+00,0.0000000000e+00,0.0000000000e+00,0.0000000000e+00,0.0000000000e+00,0.0000000000e+00,0.0000000000e+00,0.0000000000e+00,0.0000000000e+00,0.0000000000e+00
	],
	"PARAM_PHIR" : 9.057263,
	"PARAM_PHII" : 0.000000
}