{
	"CONFIG_VERSION" : "0.16",
	"SYSTEM_TYPE" : "BosonCluster",
	"OUTPUT_DIRECTORY" : "/itpstore/gartner/Output/TDVMC/asterix/",
	"N" : 4,
	"DIM" : 3,
	"N_PARAM" : 53,
	"RHO" : 0.015000000,
	"RC" : 8.800000,
	"MC_STEP" : 6.00000,
	"MC_STEP_OFFSET" : 0.000000,
	"MC_NSTEPS" : 200000,
	"MC_NTHERMSTEPS" : 100,
	"MC_NINITIALIZATIONSTEPS" : 1000,
	"MC_VERY_FIRST_NINITIALIZATIONSTEPS" : 1000000,
	"MC_NADDITIONALSTEPS" : 20000,
	"MC_NADDITIONALTHERMSTEPS" : 500,
	"MC_NADDITIONALINITIALIZATIONSTEPS" : 10000,
	"TIMESTEP" : 0.000001,
	"TOTALTIME" : 1,
	"IMAGINARY_TIME" : 1,
	"ODE_SOLVER_TYPE" : 0,
	"USE_PARAMETER_ACCEPTANCE_CHECK" : 1,
	"PARAMETER_ACCEPTANCE_CHECK_TYPE" : 5,
	"WRITE_EVERY_NTH_STEP_TO_FILE" : 1,
	"WRITE_SINGLE_FILES" : 0,
	"MC_NSTEP_MULTIPLICATION_FACTOR_FOR_WRITE_DATA" : 1,
	"USE_MEAN_FOR_FINAL_PARAMETERS" : 0,
	"USE_NORMALIZE_WF" : 1,
	"USE_ADJUST_PARAMETERS" : 0,
	"UPDATE_SAMPLES_EVERY_NTH_STEP" : 0,
	"UPDATE_SAMPLES_PERCENT" : 100.000000,
	"GR_BIN_COUNT" : 400,
	"USE_NURBS" : 1,
	"NURBS_GRID" : 
	[
		2.7,2.8,2.9,3.,3.1,3.2,3.3,3.4,3.5,3.6,3.7,3.8,4,4.2,4.4,4.6,4.8,5.,5.3,5.6,5.9,6.2,6.5,6.8,7.1,7.5,7.9,8.3,8.7,9.1,9.5,9.9,10.3,10.7,11.2,11.7,12.2,12.7,13.2,13.7,14.2,14.7,15.2,15.7,16.2,16.7,17.2,17.6,18.2,18.7,19.2,19.7,20.2,20.7,21.2,21.7,22.2,22.7
	],
	"SYSTEM_PARAMS" : 
	[
		0.2, 100
	],
	"PARAMS_REAL" : 
	[
		-917.459,-3.18961,-2.97727,-2.76494,-2.58195,-2.40586,-2.24781,-2.10085,-1.96407,-1.84085,-1.72226,-1.61848,-1.51546,-1.4277,-1.33994,-1.26355,-1.18905,-1.12195,-1.05854,-0.999529,-0.945369,-0.893436,-0.847071,-0.801332,-0.76155,-0.721768,-0.687044,-0.652852,-0.62206,-0.592627,-0.565328,-0.539969,-0.515776,-0.493915,-0.472484,-0.453635,-0.434787,-0.418416,-0.40217,-0.387644,-0.373654,-0.360785,-0.348756,-0.337379,-0.327061,-0.317027,-0.308203,-0.299379,-0.295,-0.292,-0.287,-0.282918,-0.2068975
	],
	"PARAMS_IMAGINARY" : 
	[
		0.0000000000e+00,0.0000000000e+00,0.0000000000e+00,0.0000000000e+00,0.0000000000e+00,0.0000000000e+00,0.0000000000e+00,0.0000000000e+00,0.0000000000e+00,0.0000000000e+00,0.0000000000e+00,0.0000000000e+00,0.0000000000e+00,0.0000000000e+00,0.0000000000e+00,0.0000000000e+00,0.0000000000e+00,0.0000000000e+00,0.0000000000e+00,0.0000000000e+00,0.0000000000e+00,0.0000000000e+00,0.0000000000e+00,0.0000000000e+00,0.0000000000e+00,0.0000000000e+00,0.0000000000e+00,0.0000000000e+00,0.0000000000e+00,0.0000000000e+00,0.0000000000e+00,0.0000000000e+00,0.0000000000e+00,0.0000000000e+00,0.0000000000e+00,0.0000000000e+00,0.0000000000e+00,0.0000000000e+00,0.0000000000e+00,0.0000000000e+00,0.0000000000e+00,0.0000000000e+00,0.0000000000e+00,0.0000000000e+00,0.0000000000e+00,0.0000000000e+00,0.0000000000e+00,0.0000000000e+00,0.0000000000e+00,0.0000000000e+00,0.0000000000e+00,0.0000000000e+00,0.0000000000e+00,0.0000000000e+00,0.0000000000e+00,0.0000000000e+00,0.0000000000e+00,0.0000000000e+00,0.0000000000e+00,0.0000000000e+00,0.0000000000e+00,0.0000000000e+00,0.0000000000e+00,0.0000000000e+00,0.0000000000e+00,0.0000000000e+00,0.0000000000e+00,0.0000000000e+00,0.0000000000e+00,0.0000000000e+00,0.0000000000e+00,0.0000000000e+00,0.0000000000e+00,0.0000000000e+00,0.0000000000e+00,0.0000000000e+00,0.0000000000e+00,0.0000000000e+00,0.0000000000e+00,0.0000000000e+00,0.0000000000e+00,0.0000000000e+00,0.0000000000e+00,0.0000000000e+00,0.0000000000e+00,0.0000000000e+00,0.0000000000e+00,0.0000000000e+00,0.0000000000e+00,0.0000000000e+00,0.0000000000e+00,0.0000000000e+00,0.0000000000e+00,0.0000000000e+00,0.0000000000e+00,0.0000000000e+00,0.0000000000e+00,0.0000000000e+00,0.0000000000e+00,0.0000000000e+00,0.0000000000e+00,0.0000000000e+00,0.0000000000e+00,0.0000000000e+00,0.0000000000e+00,0.0000000000e+00,0.0000000000e+00,0.0000000000e+00,0.0000000000e+00
	],
	"PARAM_PHIR" : 0.0,
	"PARAM_PHII" : 0.000000
}
