{
	"SYSTEM_TYPE" : "BulkOnlySplinesQuadraticTailZeroAtBox",
	"OUTPUT_DIRECTORY" : "/itpstore/gartner/Output/TDVMC/asterix/",
	"N" : 64,
	"DIM" : 3,
	"N_PARAM" : 100,
	"RHO" : 1,
	"RC" : 8.8,
	"MC_STEP" : 0.5,
	"MC_STEP_OFFSET" : 0.5,
	"MC_NSTEPS" : 5000,
	"MC_NTHERMSTEPS" : 50,
	"MC_NINITIALIZATIONSTEPS" : 100,
	"MC_NADDITIONALSTEPS" : 1000,
	"MC_NADDITIONALTHERMSTEPS" : 200,
	"MC_NADDITIONALINITIALIZATIONSTEPS" : 1000,
	"TIMESTEP" : 1e-06,
	"TOTALTIME" : 2e-05,
	"IMAGINARY_TIME" : 1,
	"ODE_SOLVER_TYPE" : 0,
	"PARAMS_REAL" : 
	[
		-0.40819544, -0.41138465, -0.40830184, -0.39928710, -0.38498056, -0.36634740, -0.34455320, -0.32080818, -0.29625694, -0.27187801, -0.24843358, -0.22645727, -0.20626700, -0.18799859, -0.17165045, -0.15712682, -0.14427464, -0.13291555, -0.12286640, -0.11395411, -0.10602132, -0.09893113, -0.09256615, -0.08682663, -0.08162942, -0.07690410, -0.07259198, -0.06864299, -0.06501555, -0.06167312, -0.05858537, -0.05572545, -0.05307070, -0.05060089, -0.04829858, -0.04614841, -0.04413681, -0.04225174, -0.04048258, -0.03881975, -0.03725477, -0.03577989, -0.03438834, -0.03307393, -0.03183089, -0.03065423, -0.02953927, -0.02848181, -0.02747788, -0.02652406, -0.02561701, -0.02475393, -0.02393193, -0.02314849, -0.02240127, -0.02168820, -0.02100718, -0.02035643, -0.01973419, -0.01913884, -0.01856887, -0.01802302, -0.01749993, -0.01699830, -0.01651713, -0.01605524, -0.01561174, -0.01518563, -0.01477601, -0.01438219, -0.01400327, -0.01363860, -0.01328745, -0.01294921, -0.01262324, -0.01230901, -0.01200591, -0.01171347, -0.01143121, -0.01115870, -0.01089539, -0.01064102, -0.01039510, -0.01015724, -0.00992722, -0.00970456, -0.00948899, -0.00928024, -0.00907799, -0.00888198, -0.00869195, -0.00850762, -0.00832876, -0.00815521, -0.00798666, -0.00782301, -0.00766382, -0.00750943, -0.02552019, 0.007
	],
	"PARAMS_IMAGINARY" : 
	[
		0.00000000, 0.00000000, 0.00000000, 0.00000000, 0.00000000, 0.00000000, 0.00000000, 0.00000000, 0.00000000, 0.00000000, 0.00000000, 0.00000000, 0.00000000, 0.00000000, 0.00000000, 0.00000000, 0.00000000, 0.00000000, 0.00000000, 0.00000000, 0.00000000, 0.00000000, 0.00000000, 0.00000000, 0.00000000, 0.00000000, 0.00000000, 0.00000000, 0.00000000, 0.00000000, 0.00000000, 0.00000000, 0.00000000, 0.00000000, 0.00000000, 0.00000000, 0.00000000, 0.00000000, 0.00000000, 0.00000000, 0.00000000, 0.00000000, 0.00000000, 0.00000000, 0.00000000, 0.00000000, 0.00000000, 0.00000000, 0.00000000, 0.00000000, 0.00000000, 0.00000000, 0.00000000, 0.00000000, 0.00000000, 0.00000000, 0.00000000, 0.00000000, 0.00000000, 0.00000000, 0.00000000, 0.00000000, 0.00000000, 0.00000000, 0.00000000, 0.00000000, 0.00000000, 0.00000000, 0.00000000, 0.00000000, 0.00000000, 0.00000000, 0.00000000, 0.00000000, 0.00000000, 0.00000000, 0.00000000, 0.00000000, 0.00000000, 0.00000000, 0.00000000, 0.00000000, 0.00000000, 0.00000000, 0.00000000, 0.00000000, 0.00000000, 0.00000000, 0.00000000, 0.00000000, 0.00000000, 0.00000000, 0.00000000, 0.00000000, 0.00000000, 0.00000000, 0.00000000, 0.00000000, 0.00000000, 0.00000000
	],
	"PARAM_PHIR" : 15.53350871,
	"PARAM_PHII" : 0.00000000,
	"PARAMETER_ACCEPTANCE_CHECK_TYPE" : 1
}
