{
	"SYSTEM_TYPE" : "BulkOnlySplines",
	"OUTPUT_DIRECTORY" : "/home/gartner/Documents/Output/asterix/",
	"N" : 64,
	"DIM" : 3,
	"N_PARAM" : 100,
	"RHO" : 1.0,
	"RC" : 8.8,
	"MC_STEP" : 0.5,
	"MC_STEP_OFFSET" : 0.5,
	"MC_NSTEPS" : 5000,
	"MC_NTHERMSTEPS" : 300,
	"MC_NINITIALIZATIONSTEPS" : 100,
	"MC_DOINTERMEDIATESTEP_EVERYNTH" : 1000,
	"MC_NINTERMEDIATESTEPS" : 3000,
	"MC_NINTERMEDIATETHERMSTEPS" : 100,
	"MC_NINTERMEDIATEINITIALIZATIONSTEPS" : 100,
	"MC_NADDITIONALSTEPS" : 100,
	"MC_NADDITIONALTHERMSTEPS" : 200,
	"MC_NADDITIONALINITIALIZATIONSTEPS" : 1000,
	"TIMESTEP" : 1e-07,
	"TOTALTIME" : 2e-06,
	"IMAGINARY_TIME" : 1,
	"ODE_SOLVER_TYPE" : 0,
	"USE_PARAMETER_ACCEPTANCE_CHECK" : 1,
	"PARAMS_REAL" : 
	[
		-0.20522155, -0.20696376, -0.20521910, -0.20012556, -0.19207203, -0.18164230, -0.16953016, -0.15645098, -0.14306418, -0.12991832, -0.11742312, -0.10584530, -0.09532438, -0.08589774, -0.07753056, -0.07014299, -0.06363305, -0.05789220, -0.05281636, -0.04831117, -0.04429450, -0.04069625, -0.03745759, -0.03452944, -0.03187084, -0.02944751, -0.02723072, -0.02519616, -0.02332319, -0.02159424, -0.01999410, -0.01850974, -0.01712977, -0.01584426, -0.01464453, -0.01352295, -0.01247270, -0.01148783, -0.01056296, -0.00969336, -0.00887474, -0.00810325, -0.00737544, -0.00668818, -0.00603864, -0.00542428, -0.00484271, -0.00429185, -0.00376971, -0.00327454, -0.00280469, -0.00235865, -0.00193505, -0.00153261, -0.00115015, -0.00078658, -0.00044089, -0.00011215, 0.00020051, 0.00049791, 0.00078077, 0.00104982, 0.00130571, 0.00154904, 0.00178040, 0.00200031, 0.00220927, 0.00240775, 0.00259620, 0.00277502, 0.00294462, 0.00310535, 0.00325756, 0.00340157, 0.00353769, 0.00366620, 0.00378738, 0.00390149, 0.00400877, 0.00410944, 0.00420373, 0.00429184, 0.00437395, 0.00445026, 0.00452097, 0.00458619, 0.00464610, 0.00470086, 0.00475059, 0.00479544, 0.00483552, 0.00487096, 0.00490186, 0.00492835, 0.00495051, 0.00496844, 0.00498225, 0.00499201, 0.00499779, -0.00499906
	],
	"PARAMS_IMAGINARY" : 
	[
		0.0,0.0,0.0,0.0,0.0,0.0,0.0,0.0,0.0,0.0,0.0,0.0,0.0,0.0,0.0,0.0,0.0,0.0,0.0,0.0,0.0,0.0,0.0,0.0,0.0,0.0,0.0,0.0,0.0,0.0,0.0,0.0,0.0,0.0,0.0,0.0,0.0,0.0,0.0,0.0,0.0,0.0,0.0,0.0,0.0,0.0,0.0,0.0,0.0,0.0,0.0,0.0,0.0,0.0,0.0,0.0,0.0,0.0,0.0,0.0,0.0,0.0,0.0,0.0,0.0,0.0,0.0,0.0,0.0,0.0,0.0,0.0,0.0,0.0,0.0,0.0,0.0,0.0,0.0,0.0,0.0,0.0,0.0,0.0,0.0,0.0,0.0,0.0,0.0,0.0,0.0,0.0,0.0,0.0,0.0,0.0,0.0,0.0,0.0,0.0
	],
	"PARAM_PHIR" : 1.0,
	"PARAM_PHII" : 0.0
}