{
	"OUTPUT_DIRECTORY" : "/itpstore/gartner/Output/TDVMC/asterix/",
	"N" : 3,
	"DIM" : 3,
	"N_PARAM" : 93,
	"RHO" : 0.015,
	"RC" : 8.8,
	"MC_STEP" : 1,
	"MC_NSTEPS" : 100000,
	"MC_NTHERMSTEPS" : 50,
	"MC_NINITIALIZATIONSTEPS" : 1000,
	"MC_NADDITIONALSTEPS" : 1000,
	"MC_NADDITIONALTHERMSTEPS" : 200,
	"MC_NADDITIONALINITIALIZATIONSTEPS" : 1000,
	"TIMESTEP" : 6e-07,
	"TOTALTIME" : 2e-06,
	"IMAGINARY_TIME" : 0,
	"PARAMS_REAL" : 
	[
		-107.75717757, -1.21199397, -1.08937873, -0.97929820, -0.88190192, -0.79526656, -0.71846607, -0.65036129, -0.59006296, -0.53672555, -0.48961854, -0.44807893, -0.41152300, -0.37942541, -0.35132185, -0.32679428, -0.30547362, -0.28702827, -0.27116418, -0.25761682, -0.24615206, -0.23655978, -0.22865119, -0.22225956, -0.21723372, -0.21343945, -0.21075587, -0.20907452, -0.20829808, -0.20833893, -0.20911828, -0.21056557, -0.21261675, -0.21521426, -0.21830556, -0.22184401, -0.22578674, -0.23009517, -0.23473413, -0.23967216, -0.24488019, -0.25033183, -0.25600339, -0.26187327, -0.26792132, -0.27413024, -0.28048356, -0.28696628, -0.29356488, -0.30026692, -0.30706134, -0.31393748, -0.32088662, -0.32789934, -0.33496829, -0.34208615, -0.34924646, -0.35644307, -0.36367026, -0.37092331, -0.37819761, -0.38548932, -0.39279418, -0.40010880, -0.40743035, -0.41475554, -0.42208260, -0.42940778, -0.42948896, -0.50250735, -0.57397443, -0.64362653, -0.71148751, -0.77766742, -0.84228433, -0.90545270, -0.96727416, -1.02783935, -1.08723022, -1.14551907, -1.20277251, -1.25905242, -1.31441576, -1.36891798, -1.42260035, -1.47552310, -1.52769428, -1.57922410, -1.62997070, -1.68040292, -1.72947501, -0.21610856, -0.09056110
	],
	"PARAMS_IMAGINARY" : 
	[
		0.00000000, 0.00000000, 0.00000000, 0.00000000, 0.00000000, 0.00000000, 0.00000000, 0.00000000, 0.00000000, 0.00000000, 0.00000000, 0.00000000, 0.00000000, 0.00000000, 0.00000000, 0.00000000, 0.00000000, 0.00000000, 0.00000000, 0.00000000, 0.00000000, 0.00000000, 0.00000000, 0.00000000, 0.00000000, 0.00000000, 0.00000000, 0.00000000, 0.00000000, 0.00000000, 0.00000000, 0.00000000, 0.00000000, 0.00000000, 0.00000000, 0.00000000, 0.00000000, 0.00000000, 0.00000000, 0.00000000, 0.00000000, 0.00000000, 0.00000000, 0.00000000, 0.00000000, 0.00000000, 0.00000000, 0.00000000, 0.00000000, 0.00000000, 0.00000000, 0.00000000, 0.00000000, 0.00000000, 0.00000000, 0.00000000, 0.00000000, 0.00000000, 0.00000000, 0.00000000, 0.00000000, 0.00000000, 0.00000000, 0.00000000, 0.00000000, 0.00000000, 0.00000000, 0.00000000, 0.00000000, 0.00000000, 0.00000000, 0.00000000, 0.00000000, 0.00000000, 0.00000000, 0.00000000, 0.00000000, 0.00000000, 0.00000000, 0.00000000, 0.00000000, 0.00000000, 0.00000000, 0.00000000, 0.00000000, 0.00000000, 0.00000000, 0.00000000, 0.00000000, 0.00000000, 0.00000000, 0.00000000, 0.00000000
	],
	"PARAM_PHIR" : 2.11968316,
	"PARAM_PHII" : 0.00000000
}