{
	"OUTPUT_DIRECTORY" : "/itpstore/gartner/Output/TDVMC/asterix/",
	"N" : 10,
	"DIM" : 3,
	"N_PARAM" : 93,
	"RHO" : 0.015,
	"RC" : 8.8,
	"MC_STEP" : 0.5,
	"MC_NSTEPS" : 100000,
	"MC_NTHERMSTEPS" : 50,
	"MC_NINITIALIZATIONSTEPS" : 1000,
	"MC_NADDITIONALSTEPS" : 10000,
	"MC_NADDITIONALTHERMSTEPS" : 100,
	"MC_NADDITIONALINITIALIZATIONSTEPS" : 1000,
	"TIMESTEP" : 4e-05,
	"TOTALTIME" : 0.01,
	"IMAGINARY_TIME" : 1,
	"PARAMS_REAL" : 
	[
		-111.33626560, -1.25074277, -1.12232643, -1.00619574, -0.90300240, -0.81060425, -0.72815513, -0.65446030, -0.58863497, -0.52985971, -0.47737688, -0.43054208, -0.38878596, -0.35157042, -0.31844465, -0.28893178, -0.26275688, -0.23951595, -0.21896709, -0.20078153, -0.18478624, -0.17066741, -0.15836706, -0.14760156, -0.13827511, -0.13027200, -0.12340046, -0.11762951, -0.11280139, -0.10883633, -0.10567185, -0.10321304, -0.10139423, -0.10015803, -0.09946552, -0.09924609, -0.09943047, -0.10002748, -0.10098369, -0.10225474, -0.10382340, -0.10561670, -0.10766327, -0.10987709, -0.11229207, -0.11488173, -0.11756992, -0.12042583, -0.12332697, -0.12635813, -0.12945352, -0.13261747, -0.13581199, -0.13908224, -0.14235027, -0.14564074, -0.14895465, -0.15228712, -0.15561631, -0.15891646, -0.16223083, -0.16551117, -0.16877681, -0.17203370, -0.17526557, -0.17847992, -0.18167688, -0.18482640, -0.18528410, -0.21550474, -0.24440711, -0.27361846, -0.30380225, -0.33508917, -0.36755936, -0.40077911, -0.43482804, -0.46957976, -0.50493514, -0.54095942, -0.57739105, -0.61434043, -0.65164254, -0.68917119, -0.72692730, -0.76483622, -0.80273794, -0.84054035, -0.87791201, -0.91476415, -0.95174722, 0.22764652, -0.07043945
	],
	"PARAMS_IMAGINARY" : 
	[
		0.00000000, 0.00000000, 0.00000000, 0.00000000, 0.00000000, 0.00000000, 0.00000000, 0.00000000, 0.00000000, 0.00000000, 0.00000000, 0.00000000, 0.00000000, 0.00000000, 0.00000000, 0.00000000, 0.00000000, 0.00000000, 0.00000000, 0.00000000, 0.00000000, 0.00000000, 0.00000000, 0.00000000, 0.00000000, 0.00000000, 0.00000000, 0.00000000, 0.00000000, 0.00000000, 0.00000000, 0.00000000, 0.00000000, 0.00000000, 0.00000000, 0.00000000, 0.00000000, 0.00000000, 0.00000000, 0.00000000, 0.00000000, 0.00000000, 0.00000000, 0.00000000, 0.00000000, 0.00000000, 0.00000000, 0.00000000, 0.00000000, 0.00000000, 0.00000000, 0.00000000, 0.00000000, 0.00000000, 0.00000000, 0.00000000, 0.00000000, 0.00000000, 0.00000000, 0.00000000, 0.00000000, 0.00000000, 0.00000000, 0.00000000, 0.00000000, 0.00000000, 0.00000000, 0.00000000, 0.00000000, 0.00000000, 0.00000000, 0.00000000, 0.00000000, 0.00000000, 0.00000000, 0.00000000, 0.00000000, 0.00000000, 0.00000000, 0.00000000, 0.00000000, 0.00000000, 0.00000000, 0.00000000, 0.00000000, 0.00000000, 0.00000000, 0.00000000, 0.00000000, 0.00000000, 0.00000000, 0.00000000, 0.00000000
	],
	"PARAM_PHIR" : 44.65714420,
	"PARAM_PHII" : 0.00000000
}