{
	"OUTPUT_DIRECTORY" : "/itpstore/gartner/Output/tVMC/zusie3/",
	"N" : 20,
	"DIM" : 3,
	"N_PARAM" : 93,
	"RHO" : 0.015,
	"RC" : 8.8,
	"MC_STEP" : 0.5,
	"MC_NSTEPS" : 1000000,
	"MC_NTHERMSTEPS" : 50,
	"MC_NINITIALIZATIONSTEPS" : 1000,
	"MC_NADDITIONALSTEPS" : 100000,
	"MC_NADDITIONALTHERMSTEPS" : 200,
	"MC_NADDITIONALINITIALIZATIONSTEPS" : 10000,
	"TIMESTEP" : 2e-05,
	"TOTALTIME" : 0.03,
	"IMAGINARY_TIME" : 1,
	"PARAMS_REAL" : 
	[
		-112.95293602, -1.26870239, -1.13758250, -1.01884088, -0.91293249, -0.81806049, -0.73312737, -0.65710798, -0.58895961, -0.52797827, -0.47332142, -0.42439833, -0.38062387, -0.34148267, -0.30647964, -0.27518771, -0.24725659, -0.22233493, -0.20014373, -0.18036923, -0.16283824, -0.14728561, -0.13356437, -0.12144906, -0.11079664, -0.10146748, -0.09340504, -0.08641594, -0.08040533, -0.07531032, -0.07100727, -0.06744321, -0.06450891, -0.06222644, -0.06045236, -0.05914435, -0.05830081, -0.05783746, -0.05775669, -0.05794277, -0.05842025, -0.05913526, -0.06007162, -0.06117188, -0.06246869, -0.06386313, -0.06538102, -0.06697753, -0.06866160, -0.07040262, -0.07218005, -0.07395295, -0.07576745, -0.07758650, -0.07937809, -0.08112832, -0.08291291, -0.08463425, -0.08631446, -0.08797547, -0.08956868, -0.09113222, -0.09263163, -0.09408360, -0.09548512, -0.09684873, -0.09814928, -0.09941952, -0.10015160, -0.11036144, -0.11961413, -0.13049358, -0.14346966, -0.15818402, -0.17410647, -0.19093162, -0.20858472, -0.22716320, -0.24681768, -0.26752648, -0.28929736, -0.31183549, -0.33531378, -0.35907661, -0.38343518, -0.40785184, -0.43215042, -0.45620610, -0.48011204, -0.50325045, -0.52578501, 0.13433532, -0.03951090
	],
	"PARAMS_IMAGINARY" : 
	[
		0.00000000, 0.00000000, 0.00000000, 0.00000000, 0.00000000, 0.00000000, 0.00000000, 0.00000000, 0.00000000, 0.00000000, 0.00000000, 0.00000000, 0.00000000, 0.00000000, 0.00000000, 0.00000000, 0.00000000, 0.00000000, 0.00000000, 0.00000000, 0.00000000, 0.00000000, 0.00000000, 0.00000000, 0.00000000, 0.00000000, 0.00000000, 0.00000000, 0.00000000, 0.00000000, 0.00000000, 0.00000000, 0.00000000, 0.00000000, 0.00000000, 0.00000000, 0.00000000, 0.00000000, 0.00000000, 0.00000000, 0.00000000, 0.00000000, 0.00000000, 0.00000000, 0.00000000, 0.00000000, 0.00000000, 0.00000000, 0.00000000, 0.00000000, 0.00000000, 0.00000000, 0.00000000, 0.00000000, 0.00000000, 0.00000000, 0.00000000, 0.00000000, 0.00000000, 0.00000000, 0.00000000, 0.00000000, 0.00000000, 0.00000000, 0.00000000, 0.00000000, 0.00000000, 0.00000000, 0.00000000, 0.00000000, 0.00000000, 0.00000000, 0.00000000, 0.00000000, 0.00000000, 0.00000000, 0.00000000, 0.00000000, 0.00000000, 0.00000000, 0.00000000, 0.00000000, 0.00000000, 0.00000000, 0.00000000, 0.00000000, 0.00000000, 0.00000000, 0.00000000, 0.00000000, 0.00000000, 0.00000000, 0.00000000
	],
	"PARAM_PHIR" : 101.72751930,
	"PARAM_PHII" : 0.00000000
}