{
	"SYSTEM_TYPE" : "HeDrop",
	"OUTPUT_DIRECTORY" : "/itpstore/gartner/Output/TDVMC/asterix/",
	"N" : 20,
	"DIM" : 3,
	"N_PARAM" : 93,
	"RHO" : 0.015,
	"RC" : 8.8,
	"MC_STEP" : 0.5,
	"MC_STEP_OFFSET" : 0.000000,
	"MC_NSTEPS" : 1000,
	"MC_NTHERMSTEPS" : 50,
	"MC_NINITIALIZATIONSTEPS" : 100,
	"MC_NADDITIONALSTEPS" : 100,
	"MC_NADDITIONALTHERMSTEPS" : 200,
	"MC_NADDITIONALINITIALIZATIONSTEPS" : 100,
	"TIMESTEP" : 1e-06,
	"TOTALTIME" : 0.000001,
	"IMAGINARY_TIME" : 0,
	"ODE_SOLVER_TYPE" : 3,
	"USE_PARAMETER_ACCEPTANCE_CHECK" : 1,
	"PARAMETER_ACCEPTANCE_CHECK_TYPE" : 1,
	"WRITE_EVERY_NTH_STEP_TO_FILE" : 10,
	"MC_NSTEP_MULTIPLICATION_FACTOR_FOR_WRITE_DATA" : 10,
	"USE_MEAN_FOR_FINAL_PARAMETERS" : 0,
	"USE_NORMALIZE_WF" : 1,
	"USE_ADJUST_PARAMETERS" : 0,
	"PARAMS_REAL" : 
	[
		-112.76123263, -1.26616691, -1.13517762, -1.01645083, -0.91069233, -0.81579304, -0.73087290, -0.65481867, -0.58670737, -0.52572181, -0.47109583, -0.42221311, -0.37845701, -0.33931126, -0.30429994, -0.27302063, -0.24508795, -0.22017217, -0.19797660, -0.17822751, -0.16069024, -0.14515403, -0.13141481, -0.11930968, -0.10867914, -0.09937649, -0.09129033, -0.08428805, -0.07828732, -0.07317562, -0.06887058, -0.06530540, -0.06239505, -0.06008834, -0.05832683, -0.05704003, -0.05619615, -0.05574081, -0.05563049, -0.05583337, -0.05630323, -0.05702958, -0.05795111, -0.05906745, -0.06032858, -0.06173329, -0.06324116, -0.06484732, -0.06652003, -0.06824694, -0.07002355, -0.07180703, -0.07362327, -0.07543067, -0.07722408, -0.07901449, -0.08077012, -0.08249750, -0.08417951, -0.08582392, -0.08742199, -0.08897481, -0.09047611, -0.09193041, -0.09333662, -0.09469217, -0.09600288, -0.09726132, -0.09800199, -0.10820624, -0.11749762, -0.12835522, -0.14133285, -0.15603992, -0.17195821, -0.18877201, -0.20641550, -0.22502105, -0.24467768, -0.26539803, -0.28711470, -0.30975323, -0.33309936, -0.35700645, -0.38125024, -0.40564473, -0.42999727, -0.45416420, -0.47786791, -0.50118525, -0.52361418, 0.13486651, -0.03942297
	],
	"PARAMS_IMAGINARY" : 
	[
		0.00000000, 0.00000000, 0.00000000, 0.00000000, 0.00000000, 0.00000000, 0.00000000, 0.00000000, 0.00000000, 0.00000000, 0.00000000, 0.00000000, 0.00000000, 0.00000000, 0.00000000, 0.00000000, 0.00000000, 0.00000000, 0.00000000, 0.00000000, 0.00000000, 0.00000000, 0.00000000, 0.00000000, 0.00000000, 0.00000000, 0.00000000, 0.00000000, 0.00000000, 0.00000000, 0.00000000, 0.00000000, 0.00000000, 0.00000000, 0.00000000, 0.00000000, 0.00000000, 0.00000000, 0.00000000, 0.00000000, 0.00000000, 0.00000000, 0.00000000, 0.00000000, 0.00000000, 0.00000000, 0.00000000, 0.00000000, 0.00000000, 0.00000000, 0.00000000, 0.00000000, 0.00000000, 0.00000000, 0.00000000, 0.00000000, 0.00000000, 0.00000000, 0.00000000, 0.00000000, 0.00000000, 0.00000000, 0.00000000, 0.00000000, 0.00000000, 0.00000000, 0.00000000, 0.00000000, 0.00000000, 0.00000000, 0.00000000, 0.00000000, 0.00000000, 0.00000000, 0.00000000, 0.00000000, 0.00000000, 0.00000000, 0.00000000, 0.00000000, 0.00000000, 0.00000000, 0.00000000, 0.00000000, 0.00000000, 0.00000000, 0.00000000, 0.00000000, 0.00000000, 0.00000000, 0.00000000, 0.00000000, 0.00000000
	],
	"PARAM_PHIR" : 102.24278666,
	"PARAM_PHII" : 0.00000000
}
