{
	"OUTPUT_DIRECTORY" : "/itpstore/gartner/Output/TDVMC/asterix/",
	"N" : 6,
	"DIM" : 3,
	"N_PARAM" : 93,
	"RHO" : 0.015,
	"RC" : 8.8,
	"MC_STEP" : 0.5,
	"MC_NSTEPS" : 4000,
	"MC_NTHERMSTEPS" : 50,
	"MC_NINITIALIZATIONSTEPS" : 1000,
	"MC_NADDITIONALSTEPS" : 100000,
	"MC_NADDITIONALTHERMSTEPS" : 200,
	"MC_NADDITIONALINITIALIZATIONSTEPS" : 10000,
	"TIMESTEP" : 2e-05,
	"TOTALTIME" : 1,
	"IMAGINARY_TIME" : 1,
	"PARAMS_REAL" : 
	[
		-110.36354439, -1.24117547, -1.11545729, -1.00185665, -0.90118671, -0.81122708, -0.73112410, -0.65973488, -0.59618728, -0.53964261, -0.48935908, -0.44465627, -0.40499308, -0.36980133, -0.33867966, -0.31114780, -0.28683607, -0.26546987, -0.24670737, -0.23027343, -0.21600108, -0.20359816, -0.19294240, -0.18382533, -0.17609916, -0.16964806, -0.16431602, -0.16005683, -0.15668722, -0.15418574, -0.15243921, -0.15138943, -0.15096955, -0.15111886, -0.15178839, -0.15291138, -0.15446825, -0.15639381, -0.15868178, -0.16128528, -0.16415675, -0.16729530, -0.17064202, -0.17421305, -0.17797738, -0.18188213, -0.18594588, -0.19013743, -0.19445492, -0.19885350, -0.20337812, -0.20795014, -0.21261923, -0.21731563, -0.22209306, -0.22688473, -0.23172777, -0.23659866, -0.24148737, -0.24640015, -0.25132698, -0.25625030, -0.26119330, -0.26612975, -0.27107927, -0.27601317, -0.28094515, -0.28586738, -0.28605500, -0.33467722, -0.38220948, -0.42926560, -0.47632780, -0.52366124, -0.57138003, -0.61942205, -0.66779662, -0.71648465, -0.76544697, -0.81461730, -0.86399338, -0.91343879, -0.96297609, -1.01240621, -1.06197796, -1.11134614, -1.16056678, -1.20961362, -1.25841637, -1.30706768, -1.35530131, 0.21966495, -0.09407795
	],
	"PARAMS_IMAGINARY" : 
	[
		0.00000000, 0.00000000, 0.00000000, 0.00000000, 0.00000000, 0.00000000, 0.00000000, 0.00000000, 0.00000000, 0.00000000, 0.00000000, 0.00000000, 0.00000000, 0.00000000, 0.00000000, 0.00000000, 0.00000000, 0.00000000, 0.00000000, 0.00000000, 0.00000000, 0.00000000, 0.00000000, 0.00000000, 0.00000000, 0.00000000, 0.00000000, 0.00000000, 0.00000000, 0.00000000, 0.00000000, 0.00000000, 0.00000000, 0.00000000, 0.00000000, 0.00000000, 0.00000000, 0.00000000, 0.00000000, 0.00000000, 0.00000000, 0.00000000, 0.00000000, 0.00000000, 0.00000000, 0.00000000, 0.00000000, 0.00000000, 0.00000000, 0.00000000, 0.00000000, 0.00000000, 0.00000000, 0.00000000, 0.00000000, 0.00000000, 0.00000000, 0.00000000, 0.00000000, 0.00000000, 0.00000000, 0.00000000, 0.00000000, 0.00000000, 0.00000000, 0.00000000, 0.00000000, 0.00000000, 0.00000000, 0.00000000, 0.00000000, 0.00000000, 0.00000000, 0.00000000, 0.00000000, 0.00000000, 0.00000000, 0.00000000, 0.00000000, 0.00000000, 0.00000000, 0.00000000, 0.00000000, 0.00000000, 0.00000000, 0.00000000, 0.00000000, 0.00000000, 0.00000000, 0.00000000, 0.00000000, 0.00000000, 0.00000000
	],
	"PARAM_PHIR" : 30.21704238,
	"PARAM_PHII" : 0.00000000
}