{
	"CONFIG_VERSION" : "0.21",
	"SYSTEM_TYPE" : "BosonMixtureCluster",
	"OUTPUT_DIRECTORY" : "/itpstore/gartner/Output/TDVMC/asterix/",
	"N" : 3,
	"LBOX" : 10,
	"DIM" : 3,
	"N_PARAM" : 52,
	"RHO" : 0.015000,
	"RC" : 8.800000,
	"MC_STEP" : 4.000000,
	"MC_STEP_OFFSET" : 0.000000,
	"MC_NSTEPS" : 40000,
	"MC_NTHERMSTEPS" : 20,
	"MC_NINITIALIZATIONSTEPS" : 1000,
	"MC_VERY_FIRST_NINITIALIZATIONSTEPS" : 1000000,
	"MC_NADDITIONALSTEPS" : 500000,
	"MC_NADDITIONALTHERMSTEPS" : 1000,
	"MC_NADDITIONALINITIALIZATIONSTEPS" : 10000,
	"TIMESTEP" : 0.000100,
	"TOTALTIME" : -0.0001,
	"IMAGINARY_TIME" : 1,
	"ODE_SOLVER_TYPE" : 0,
	"LINEAR_EQUATION_SOLVER_TYPE" : 0,
	"USE_PRECONDITIONING" : 1,
	"USE_PARAMETER_ACCEPTANCE_CHECK" : 1,
	"PARAMETER_ACCEPTANCE_CHECK_TYPE" : 1,
	"WRITE_EVERY_NTH_STEP_TO_FILE" : 100,
	"CALCULATE_ADDITIONAL_DATA_EVERY_NTH_STEP" : 0,
	"WRITE_SINGLE_FILES" : 0,
	"MC_NSTEP_MULTIPLICATION_FACTOR_FOR_WRITE_DATA" : 1,
	"USE_MEAN_FOR_FINAL_PARAMETERS" : 0,
	"USE_NORMALIZE_WF" : 1,
	"USE_ADJUST_PARAMETERS" : 0,
	"UPDATE_SAMPLES_EVERY_NTH_STEP" : 0,
	"UPDATE_SAMPLES_PERCENT" : 100.000000,
	"GR_BIN_COUNT" : 400,
	"USE_NURBS" : 1,
	"NURBS_GRID" : 
	[
		2.0,2.2,2.4,2.6575,2.925,3.075,3.225,3.45,3.7384,4.08078,4.6175,5.1879,5.98914,7.01578,8.56182,9.57078,10.725,12.,13.275,16,19,23,27.5,32.5,38,42,48,55,62,70
	],
	"PARTICLE_TYPES" : 
	[
		 1,1,2
	],
	"SYSTEM_PARAMS" : 
	[
		 2.0000000000e-01,1.0000000000e+02
	],
	"PARAMS_REAL" : 
	[
		-8.1224719309030760e+01,-1.7677266359818349e+00,-1.0388191739985337e+00,-5.5044930948249704e-01,-1.4888609660596988e-01,1.4390390665847938e-01,3.4198602792325361e-01,4.2665627284882529e-01,4.4568772494345671e-01,4.1608254179828108e-01,3.4846535614859042e-01,2.7029118932927382e-01,1.9339937254311187e-01,1.2560407859424499e-01,5.7861535331236523e-02,-3.0513873210178687e-02,-1.3195660364531506e-01,-2.5659190125992748e-01,-3.9077905371601973e-01,-5.3393087978685094e-01,-6.7874638328826042e-01,-8.0649634053645225e-01,-9.3353042878836834e-01,-1.1621338356199888e-01,-2.0132110573582610e-02,-5.2224811222374989e-01,-3.4147182209953894e+03,-3.9177146000147527e+00,-3.1018452330785005e+00,-2.4577245369031755e+00,-1.7886952947432411e+00,-1.1291537130971965e+00,-4.8491312615647575e-01,1.2176716137966281e-02,3.7704776937008666e-01,5.8902747700156532e-01,6.8250567972848064e-01,6.6969533159229866e-01,6.2224149376299598e-01,5.5889588723538264e-01,4.7811683721519199e-01,3.4963303267368362e-01,1.6134159473289186e-01,-1.1936276917588801e-01,-4.6885861399089174e-01,-8.9505793993774563e-01,-1.3829941261680965e+00,-1.8669562523883878e+00,-2.3968327755278387e+00,1.9422909101622667e+00,-1.0074463767184499e-01,-7.5142163577221088e-01
	],
	"PARAMS_IMAGINARY" : 
	[
		 0.0000000000e+00,0.0000000000e+00,0.0000000000e+00,0.0000000000e+00,0.0000000000e+00,0.0000000000e+00,0.0000000000e+00,0.0000000000e+00,0.0000000000e+00,0.0000000000e+00,0.0000000000e+00,0.0000000000e+00,0.0000000000e+00,0.0000000000e+00,0.0000000000e+00,0.0000000000e+00,0.0000000000e+00,0.0000000000e+00,0.0000000000e+00,0.0000000000e+00,0.0000000000e+00,0.0000000000e+00,0.0000000000e+00,0.0000000000e+00,0.0000000000e+00,0.0000000000e+00,0.0000000000e+00,0.0000000000e+00,0.0000000000e+00,0.0000000000e+00,0.0000000000e+00,0.0000000000e+00,0.0000000000e+00,0.0000000000e+00,0.0000000000e+00,0.0000000000e+00,0.0000000000e+00,0.0000000000e+00,0.0000000000e+00,0.0000000000e+00,0.0000000000e+00,0.0000000000e+00,0.0000000000e+00,0.0000000000e+00,0.0000000000e+00,0.0000000000e+00,0.0000000000e+00,0.0000000000e+00,0.0000000000e+00,0.0000000000e+00,0.0000000000e+00,0.0000000000e+00
	],
	"PARAM_PHIR" : 4.435407,
	"PARAM_PHII" : 0.000000
}