{
	"CONFIG_VERSION" : "0.19",
	"SYSTEM_TYPE" : "BosonMixtureCluster",
	"OUTPUT_DIRECTORY" : "/itpstore/gartner/Output/TDVMC/asterix/",
	"N" : 3,
	"DIM" : 3,
	"N_PARAM" : 52,
	"RHO" : 0.015000,
	"RC" : 8.800000,
	"MC_STEP" : 4.000000,
	"MC_STEP_OFFSET" : 0.000000,
	"MC_NSTEPS" : 100,
	"MC_NTHERMSTEPS" : 20,
	"MC_NINITIALIZATIONSTEPS" : 1000,
	"MC_VERY_FIRST_NINITIALIZATIONSTEPS" : 1000000,
	"MC_NADDITIONALSTEPS" : 5000000,
	"MC_NADDITIONALTHERMSTEPS" : 100,
	"MC_NADDITIONALINITIALIZATIONSTEPS" : 10000,
	"TIMESTEP" : 0.000100,
	"TOTALTIME" : -1.000,
	"IMAGINARY_TIME" : 1,
	"ODE_SOLVER_TYPE" : 0,
	"USE_PRECONDITIONING" : 1,
	"USE_PARAMETER_ACCEPTANCE_CHECK" : 1,
	"PARAMETER_ACCEPTANCE_CHECK_TYPE" : 1,
	"WRITE_EVERY_NTH_STEP_TO_FILE" : 100,
	"CALCULATE_ADDITIONAL_DATA_EVERY_NTH_STEP" : 0,
	"WRITE_SINGLE_FILES" : 0,
	"MC_NSTEP_MULTIPLICATION_FACTOR_FOR_WRITE_DATA" : 1,
	"USE_MEAN_FOR_FINAL_PARAMETERS" : 0,
	"USE_NORMALIZE_WF" : 1,
	"USE_ADJUST_PARAMETERS" : 0,
	"UPDATE_SAMPLES_EVERY_NTH_STEP" : 0,
	"UPDATE_SAMPLES_PERCENT" : 100.000000,
	"GR_BIN_COUNT" : 400,
	"USE_NURBS" : 1,
	"NURBS_GRID" : 
	[
		 2.7000000000e+00,2.8000000000e+00,2.9000000000e+00,3.0000000000e+00,3.1000000000e+00,3.2000000000e+00,3.3000000000e+00,3.4500000000e+00,3.6422700000e+00,3.8705200000e+00,4.2283300000e+00,4.6086000000e+00,5.1427600000e+00,5.8271900000e+00,6.8578800000e+00,7.5305200000e+00,8.3000000000e+00,9.1500000000e+00,1.0000000000e+01,1.1000000000e+01,1.2000000000e+01,1.3000000000e+01,1.4000000000e+01,1.5000000000e+01,1.6000000000e+01,1.7000000000e+01,1.8000000000e+01,1.9000000000e+01,2.0000000000e+01,2.1000000000e+01
	],
	"PARTICLE_TYPES" : 
	[
		 1,2,1
	],
	"SYSTEM_PARAMS" : 
	[
		 2.0000000000e-01,1.0000000000e+02
	],
	"PARAMS_REAL" : 
	[
		 -3.3217039662e+03,-3.0978090016e+00,-2.7359776463e+00,-2.3493706219e+00,-1.9208720477e+00,-1.4574324162e+00,-9.5031377135e-01,-4.8962335104e-01,-7.7921531527e-02,2.3752491162e-01,4.6261258204e-01,5.4334791312e-01,5.6657505921e-01,5.5857140001e-01,5.3110412171e-01,4.8719417262e-01,4.3044690886e-01,3.6256424216e-01,2.8889439074e-01,2.1096119189e-01,1.2964831743e-01,4.5952878668e-02,-4.0475397918e-02,1.6457822062e+00,-9.1940758776e-02,-7.3468879837e-01, -8.7719865809e+01,-1.4023007970e+00,-1.1266587585e+00,-8.6339838249e-01,-6.0968762446e-01,-3.8210234726e-01,-1.8325541930e-01,-5.1821385272e-02,2.9123920510e-02,6.1550743881e-02,5.6491094269e-02,2.4967560112e-02,-1.3675012613e-02,-5.1938817377e-02,-9.3360888822e-02,-1.3793836869e-01,-1.8335183048e-01,-2.2876337062e-01,-2.7141273187e-01,-3.1135574517e-01,-3.4883916188e-01,-3.8471919542e-01,-4.1863034472e-01,6.9054671037e-02,-3.0100624844e-02,-6.5174131147e-01
	],
	"PARAMS_IMAGINARY" : 
	[
		 0.0000000000e+00,0.0000000000e+00,0.0000000000e+00,0.0000000000e+00,0.0000000000e+00,0.0000000000e+00,0.0000000000e+00,0.0000000000e+00,0.0000000000e+00,0.0000000000e+00,0.0000000000e+00,0.0000000000e+00,0.0000000000e+00,0.0000000000e+00,0.0000000000e+00,0.0000000000e+00,0.0000000000e+00,0.0000000000e+00,0.0000000000e+00,0.0000000000e+00,0.0000000000e+00,0.0000000000e+00,0.0000000000e+00,0.0000000000e+00,0.0000000000e+00,0.0000000000e+00,0.0000000000e+00,0.0000000000e+00,0.0000000000e+00,0.0000000000e+00,0.0000000000e+00,0.0000000000e+00,0.0000000000e+00,0.0000000000e+00,0.0000000000e+00,0.0000000000e+00,0.0000000000e+00,0.0000000000e+00,0.0000000000e+00,0.0000000000e+00,0.0000000000e+00,0.0000000000e+00,0.0000000000e+00,0.0000000000e+00,0.0000000000e+00,0.0000000000e+00,0.0000000000e+00,0.0000000000e+00,0.0000000000e+00,0.0000000000e+00,0.0000000000e+00,0.0000000000e+00
	],
	"PARAM_PHIR" : 4.435407,
	"PARAM_PHII" : 0.000000
}