{
	"CONFIG_VERSION" : "0.21",
	"SYSTEM_TYPE" : "InhBosons1D",
	"OUTPUT_DIRECTORY" : "/itpstore/gartner/Output/TDVMC/asterix/",
	"N" : 10,
	"LBOX" : 10.000000,
	"DIM" : 1,
	"N_PARAM" : 102,
	"RHO" : 1.000000,
	"RC" : 0.000000,
	"MC_STEP" : 0.500000,
	"MC_STEP_OFFSET" : 0.000000,
	"MC_NSTEPS" : 500,
	"MC_NTHERMSTEPS" : 10,
	"MC_NINITIALIZATIONSTEPS" : 1000,
	"MC_VERY_FIRST_NINITIALIZATIONSTEPS" : 100000,
	"MC_NADDITIONALSTEPS" : 50000,
	"MC_NADDITIONALTHERMSTEPS" : 10,
	"MC_NADDITIONALINITIALIZATIONSTEPS" : 10000,
	"TIMESTEP" : 0.000200,
	"TOTALTIME" : 10.000,
	"IMAGINARY_TIME" : 0,
	"ODE_SOLVER_TYPE" : 2,
	"LINEAR_EQUATION_SOLVER_TYPE" : 1,
	"USE_PRECONDITIONING" : 0,
	"USE_PARAMETER_ACCEPTANCE_CHECK" : 1,
	"PARAMETER_ACCEPTANCE_CHECK_TYPE" : 5,
	"WRITE_EVERY_NTH_STEP_TO_FILE" : 20,
	"CALCULATE_ADDITIONAL_DATA_EVERY_NTH_STEP" : 20,
	"WRITE_SINGLE_FILES" : 0,
	"MC_NSTEP_MULTIPLICATION_FACTOR_FOR_WRITE_DATA" : 1,
	"USE_MEAN_FOR_FINAL_PARAMETERS" : 0,
	"USE_NORMALIZE_WF" : 1,
	"USE_ADJUST_PARAMETERS" : 0,
	"UPDATE_SAMPLES_EVERY_NTH_STEP" : 0,
	"UPDATE_SAMPLES_PERCENT" : 100.000000,
	"GR_BIN_COUNT" : 400,
	"USE_NURBS" : 1,
	"NURBS_GRID" : 
	[
		 0.0000000000000000e+00,1.0000000000000001e-01,2.0000000000000001e-01,2.9999999999999999e-01,4.0000000000000002e-01,5.0000000000000000e-01,5.9999999999999998e-01,6.9999999999999996e-01,8.0000000000000004e-01,9.0000000000000002e-01,1.0000000000000000e+00,1.1000000000000001e+00,1.2000000000000000e+00,1.3000000000000000e+00,1.3999999999999999e+00,1.5000000000000000e+00,1.6000000000000001e+00,1.7000000000000000e+00,1.8000000000000000e+00,1.8999999999999999e+00,2.0000000000000000e+00,2.1000000000000001e+00,2.2000000000000002e+00,2.2999999999999998e+00,2.3999999999999999e+00,2.5000000000000000e+00,2.6000000000000001e+00,2.7000000000000002e+00,2.7999999999999998e+00,2.8999999999999999e+00,3.0000000000000000e+00,3.1000000000000001e+00,3.2000000000000002e+00,3.2999999999999998e+00,3.3999999999999999e+00,3.5000000000000000e+00,3.6000000000000001e+00,3.7000000000000002e+00,3.7999999999999998e+00,3.8999999999999999e+00,4.0000000000000000e+00,4.0999999999999996e+00,4.2000000000000002e+00,4.2999999999999998e+00,4.4000000000000004e+00,4.5000000000000000e+00,4.5999999999999996e+00,4.7000000000000002e+00,4.7999999999999998e+00,4.9000000000000004e+00,5.0000000000000000e+00
	],
	"PARTICLE_TYPES" : 
	[
		 0
	],
	"SYSTEM_PARAMS" : 
	[
		 1.0000000000000000e+00,2.0000000000000000e+00
	],
	"PARAMS_REAL" : 
	[
		 0.0
	],
	"PARAMS_IMAGINARY" : 
	[
		 0.0
	],
	"PARAM_PHIR" : 0.0,
	"PARAM_PHII" : 0.0
}