{
	"CONFIG_VERSION" : "0.16",
	"SYSTEM_TYPE" : "NUBosonsBulk",
	"OUTPUT_DIRECTORY" : "/itpstore/gartner/Output/TDVMC/asterix/",
	"N" : 200,
	"DIM" : 1,
	"N_PARAM" : 34,
	"RHO" : 1.000000,
	"RC" : 0.000000,
	"MC_STEP" : 0.500000,
	"MC_STEP_OFFSET" : 0.000000,
	"MC_NSTEPS" : 500,
	"MC_NTHERMSTEPS" : 400,
	"MC_NINITIALIZATIONSTEPS" : 400,
	"MC_VERY_FIRST_NINITIALIZATIONSTEPS" : 50000,
	"MC_NADDITIONALSTEPS" : 20,
	"MC_NADDITIONALTHERMSTEPS" : 50,
	"MC_NADDITIONALINITIALIZATIONSTEPS" : 50,
	"TIMESTEP" : 0.000000001,
	"TOTALTIME" : 1.0,
	"IMAGINARY_TIME" : 1,
	"ODE_SOLVER_TYPE" : 0,
	"USE_PARAMETER_ACCEPTANCE_CHECK" : 1,
	"PARAMETER_ACCEPTANCE_CHECK_TYPE" : 1,
	"WRITE_EVERY_NTH_STEP_TO_FILE" : 1,
	"WRITE_SINGLE_FILES" : 0,
	"MC_NSTEP_MULTIPLICATION_FACTOR_FOR_WRITE_DATA" : 1,
	"USE_MEAN_FOR_FINAL_PARAMETERS" : 0,
	"USE_NORMALIZE_WF" : 1,
	"USE_ADJUST_PARAMETERS" : 0,
	"UPDATE_SAMPLES_EVERY_NTH_STEP" : 1,
	"UPDATE_SAMPLES_PERCENT" : 100.000000,
	"GR_BIN_COUNT" : 500,
	"USE_NURBS" : 1,
	"NURBS_GRID" : 
	[
		 -6.0000000000e-01,-4.0000000000e-01,-2.0000000000e-01,0.0000000000e+00,2.0000000000e-01,4.0000000000e-01,6.0000000000e-01,9.0000000000e-01,1.2845300000e+00,1.7410500000e+00,2.4566700000e+00,3.2171900000e+00,4.2855200000e+00,5.6543700000e+00,7.7157500000e+00,9.0610400000e+00,1.0600000000e+01,1.2300000000e+01,1.4000000000e+01,1.6000000000e+01,1.8000000000e+01,2.0000000000e+01,2.2000000000e+01,2.4000000000e+01,2.6000000000e+01,2.8000000000e+01,3.0000000000e+01,3.2000000000e+01,3.4000000000e+01,3.6000000000e+01,3.8000000000e+01,4.0000000000e+01,4.2000000000e+01,4.4000000000e+01,4.6000000000e+01,4.8000000000e+01,5.0000000000e+01,5.2000000000e+01,5.4000000000e+01,5.6000000000e+01
	],
	"SYSTEM_PARAMS" : 
	[
		 2.0000000000e-01,1.0000000000e+02
	],
	"PARAMS_REAL" : 
	[
		 -9.7890185783e+00,-8.8929789296e+00,-7.5140620315e+00,-6.4656491759e+00,-5.7147155949e+00,-5.1449269371e+00,-4.6482294951e+00,-4.1516639208e+00,-3.7174107689e+00,-3.2871347754e+00,-2.8825273994e+00,-2.4531776269e+00,-2.1187530598e+00,-1.8397159314e+00,-1.6214829307e+00,-1.4216730688e+00,-1.2340859623e+00,-1.0637136816e+00,-9.0908193425e-01,-7.7441061336e-01,-6.5634810410e-01,-5.5247253687e-01,-4.6083177162e-01,-3.8001705652e-01,-3.0887141656e-01,-2.4656016893e-01,-1.9225954659e-01,-1.4555724108e-01,-1.0576355631e-01,-7.2719948884e-02,-4.5937126112e-02,-2.5278179986e-02,-1.0645606340e-02,-1.9351555575e-03
	],
	"PARAMS_IMAGINARY" : 
	[
		 0.0000000000e+00,0.0000000000e+00,0.0000000000e+00,0.0000000000e+00,0.0000000000e+00,0.0000000000e+00,0.0000000000e+00,0.0000000000e+00,0.0000000000e+00,0.0000000000e+00,0.0000000000e+00,0.0000000000e+00,0.0000000000e+00,0.0000000000e+00,0.0000000000e+00,0.0000000000e+00,0.0000000000e+00,0.0000000000e+00,0.0000000000e+00,0.0000000000e+00,0.0000000000e+00,0.0000000000e+00,0.0000000000e+00,0.0000000000e+00,0.0000000000e+00,0.0000000000e+00,0.0000000000e+00,0.0000000000e+00,0.0000000000e+00,0.0000000000e+00,0.0000000000e+00,0.0000000000e+00,0.0000000000e+00,0.0000000000e+00
	],
	"PARAM_PHIR" : 9407,
	"PARAM_PHII" : 0.000000
}