{
	"CONFIG_VERSION" : "0.19",
	"SYSTEM_TYPE" : "NUBosonsBulkPB",
	"OUTPUT_DIRECTORY" : "/itpstore/gartner/Output/TDVMC/asterix/",
	"N" : 10,
	"DIM" : 1,
	"N_PARAM" : 200,
	"RHO" : 1.000000,
	"RC" : 0.000000,
	"MC_STEP" : 0.500000,
	"MC_STEP_OFFSET" : 0.000000,
	"MC_NSTEPS" : 700,
	"MC_NTHERMSTEPS" : 50,
	"MC_NINITIALIZATIONSTEPS" : 400,
	"MC_VERY_FIRST_NINITIALIZATIONSTEPS" : 5000,
	"MC_NADDITIONALSTEPS" : 20000,
	"MC_NADDITIONALTHERMSTEPS" : 50,
	"MC_NADDITIONALINITIALIZATIONSTEPS" : 50,
	"TIMESTEP" : 0.000050,
	"TOTALTIME" : 6,
	"IMAGINARY_TIME" : 1,
	"ODE_SOLVER_TYPE" : 0,
	"USE_PRECONDITIONING" : 1,
	"USE_PARAMETER_ACCEPTANCE_CHECK" : 1,
	"PARAMETER_ACCEPTANCE_CHECK_TYPE" : 5,
	"WRITE_EVERY_NTH_STEP_TO_FILE" : 500,
	"CALCULATE_ADDITIONAL_DATA_EVERY_NTH_STEP" : 1000,
	"WRITE_SINGLE_FILES" : 0,
	"MC_NSTEP_MULTIPLICATION_FACTOR_FOR_WRITE_DATA" : 1,
	"USE_MEAN_FOR_FINAL_PARAMETERS" : 0,
	"USE_NORMALIZE_WF" : 1,
	"USE_ADJUST_PARAMETERS" : 0,
	"UPDATE_SAMPLES_EVERY_NTH_STEP" : 0,
	"UPDATE_SAMPLES_PERCENT" : 100.000000,
	"GR_BIN_COUNT" : 400,
	"USE_NURBS" : 1,
	"NURBS_GRID" : 
	[
		 0.,0.025,0.05,0.075,0.1,0.125,0.15,0.175,0.2,0.225,0.25,0.275,0.3,0.325,0.35,0.375,0.4,0.425,0.45,0.475,0.5,0.525,0.55,0.575,0.6,0.625,0.65,0.675,0.7,0.725,0.75,0.775,0.8,0.825,0.85,0.875,0.9,0.925,0.95,0.975,1.,1.025,1.05,1.075,1.1,1.125,1.15,1.175,1.2,1.225,1.25,1.275,1.3,1.325,1.35,1.375,1.4,1.425,1.45,1.475,1.5,1.525,1.55,1.575,1.6,1.625,1.65,1.675,1.7,1.725,1.75,1.775,1.8,1.825,1.85,1.875,1.9,1.925,1.95,1.975,2.,2.025,2.05,2.075,2.1,2.125,2.15,2.175,2.2,2.225,2.25,2.275,2.3,2.325,2.35,2.375,2.4,2.425,2.45,2.475,2.5,2.525,2.55,2.575,2.6,2.625,2.65,2.675,2.7,2.725,2.75,2.775,2.8,2.825,2.85,2.875,2.9,2.925,2.95,2.975,3.,3.025,3.05,3.075,3.1,3.125,3.15,3.175,3.2,3.225,3.25,3.275,3.3,3.325,3.35,3.375,3.4,3.425,3.45,3.475,3.5,3.525,3.55,3.575,3.6,3.625,3.65,3.675,3.7,3.725,3.75,3.775,3.8,3.825,3.85,3.875,3.9,3.925,3.95,3.975,4.,4.025,4.05,4.075,4.1,4.125,4.15,4.175,4.2,4.225,4.25,4.275,4.3,4.325,4.35,4.375,4.4,4.425,4.45,4.475,4.5,4.525,4.55,4.575,4.6,4.625,4.65,4.675,4.7,4.725,4.75,4.775,4.8,4.825,4.85,4.875,4.9,4.925,4.95,4.975,5.
	],
	"PARTICLE_TYPES" : 
	[
		 0
	],
	"SYSTEM_PARAMS" : 
	[
		 0.2, 100.0
	],
	"PARAMS_REAL" : 
	[
		 0.,0.,0.,0.,0.,0.,0.,0.,0.,0.,0.,0.,0.,0.,0.,0.,0.,0.,0.,0.,0.,0.,0.,0.,0.,0.,0.,0.,0.,0.,0.,0.,0.,0.,0.,0.,0.,0.,0.,0.,0.,0.,0.,0.,0.,0.,0.,0.,0.,0.,0.,0.,0.,0.,0.,0.,0.,0.,0.,0.,0.,0.,0.,0.,0.,0.,0.,0.,0.,0.,0.,0.,0.,0.,0.,0.,0.,0.,0.,0.,0.,0.,0.,0.,0.,0.,0.,0.,0.,0.,0.,0.,0.,0.,0.,0.,0.,0.,0.,0.,0.,0.,0.,0.,0.,0.,0.,0.,0.,0.,0.,0.,0.,0.,0.,0.,0.,0.,0.,0.,0.,0.,0.,0.,0.,0.,0.,0.,0.,0.,0.,0.,0.,0.,0.,0.,0.,0.,0.,0.,0.,0.,0.,0.,0.,0.,0.,0.,0.,0.,0.,0.,0.,0.,0.,0.,0.,0.,0.,0.,0.,0.,0.,0.,0.,0.,0.,0.,0.,0.,0.,0.,0.,0.,0.,0.,0.,0.,0.,0.,0.,0.,0.,0.,0.,0.,0.,0.,0.,0.,0.,0.,0.,0.,0.,0.,0.,0.,0.,0.
	],
	"PARAMS_IMAGINARY" : 
	[
		 0.,0.,0.,0.,0.,0.,0.,0.,0.,0.,0.,0.,0.,0.,0.,0.,0.,0.,0.,0.,0.,0.,0.,0.,0.,0.,0.,0.,0.,0.,0.,0.,0.,0.,0.,0.,0.,0.,0.,0.,0.,0.,0.,0.,0.,0.,0.,0.,0.,0.,0.,0.,0.,0.,0.,0.,0.,0.,0.,0.,0.,0.,0.,0.,0.,0.,0.,0.,0.,0.,0.,0.,0.,0.,0.,0.,0.,0.,0.,0.,0.,0.,0.,0.,0.,0.,0.,0.,0.,0.,0.,0.,0.,0.,0.,0.,0.,0.,0.,0.,0.,0.,0.,0.,0.,0.,0.,0.,0.,0.,0.,0.,0.,0.,0.,0.,0.,0.,0.,0.,0.,0.,0.,0.,0.,0.,0.,0.,0.,0.,0.,0.,0.,0.,0.,0.,0.,0.,0.,0.,0.,0.,0.,0.,0.,0.,0.,0.,0.,0.,0.,0.,0.,0.,0.,0.,0.,0.,0.,0.,0.,0.,0.,0.,0.,0.,0.,0.,0.,0.,0.,0.,0.,0.,0.,0.,0.,0.,0.,0.,0.,0.,0.,0.,0.,0.,0.,0.,0.,0.,0.,0.,0.,0.,0.,0.,0.,0.,0.,0.
	],
	"PARAM_PHIR" : 0.0,
	"PARAM_PHII" : 0.000000
}
