{
	"CONFIG_VERSION" : "0.19",
	"SYSTEM_TYPE" : "NUBosonsBulkPBWhitehead",
	"OUTPUT_DIRECTORY" : "/itpstore/gartner/Output/TDVMC/asterix/",
	"N" : 5,
	"DIM" : 1,
	"N_PARAM" : 50,
	"RHO" : 1.000000,
	"RC" : 0.000000,
	"MC_STEP" : 0.500000,
	"MC_STEP_OFFSET" : 0.000000,
	"MC_NSTEPS" : 4000,
	"MC_NTHERMSTEPS" : 25,
	"MC_NINITIALIZATIONSTEPS" : 50,
	"MC_VERY_FIRST_NINITIALIZATIONSTEPS" : 1000,
	"MC_NADDITIONALSTEPS" : 1000,
	"MC_NADDITIONALTHERMSTEPS" : 50,
	"MC_NADDITIONALINITIALIZATIONSTEPS" : 100,
	"TIMESTEP" : 0.000010,
	"TOTALTIME" : 5.00000,
	"IMAGINARY_TIME" : 1,
	"ODE_SOLVER_TYPE" : 0,
	"USE_PRECONDITIONING" : 1,
	"USE_PARAMETER_ACCEPTANCE_CHECK" : 1,
	"PARAMETER_ACCEPTANCE_CHECK_TYPE" : 5,
	"WRITE_EVERY_NTH_STEP_TO_FILE" : 100,
	"CALCULATE_ADDITIONAL_DATA_EVERY_NTH_STEP" : 200,
	"WRITE_SINGLE_FILES" : 0,
	"MC_NSTEP_MULTIPLICATION_FACTOR_FOR_WRITE_DATA" : 1,
	"USE_MEAN_FOR_FINAL_PARAMETERS" : 0,
	"USE_NORMALIZE_WF" : 1,
	"USE_ADJUST_PARAMETERS" : 0,
	"UPDATE_SAMPLES_EVERY_NTH_STEP" : 0,
	"UPDATE_SAMPLES_PERCENT" : 100.000000,
	"GR_BIN_COUNT" : 400,
	"USE_NURBS" : 1,
	"NURBS_GRID" : 
	[
		0,0.0375000000000000,0.0750000000000000,0.112500000000000,0.150000000000000,0.187500000000000,0.225000000000000,0.262500000000000,0.300000000000000,0.337500000000000,0.375000000000000,0.412500000000000,0.450000000000000,0.487500000000000,0.525000000000000,0.562500000000000,0.600000000000000,0.637500000000000,0.675000000000000,0.712500000000000,0.750000000000000,0.787500000000000,0.825000000000000,0.862500000000000,0.900000000000000,0.937500000000000,0.975000000000000,1.01250000000000,1.05000000000000,1.08750000000000,1.12500000000000,1.16250000000000,1.20000000000000,1.23750000000000,1.27500000000000,1.31250000000000,1.35000000000000,1.38750000000000,1.42500000000000,1.46250000000000,1.50000000000000,1.53750000000000,1.57500000000000,1.61250000000000,1.65000000000000,1.68750000000000,1.72500000000000,1.76250000000000,1.80000000000000,1.83750000000000,1.87500000000000
	],
	"PARTICLE_TYPES" : 
	[
		 0
	],
	"SYSTEM_PARAMS" : 
	[
		 0.1,50.0
	],
	"PARAMS_REAL" : 
	[
		-0.377906,-0.360041,-0.314721,-0.260222,-0.209899,-0.168842,-0.136596,-0.111488,-0.0913374,-0.0751172,-0.0617196,-0.0506191,-0.0413213,-0.0334769,-0.0268705,-0.0211939,-0.0164543,-0.0123361,-0.00882139,-0.00578468,-0.00317202,-0.000946635,0.000933162,0.0025768,0.00398148,0.00519459,0.00620875,0.00709904,0.00782286,0.00843301,0.008967,0.00942582,0.00979777,0.010102,0.0103705,0.0105756,0.010751,0.0108719,0.0110016,0.011075,0.0111506,0.0112154,0.0112233,0.0112437,0.0112759,0.0112648,0.011267,0.0112786,0.0112779,0.0112451
	],
	"PARAMS_IMAGINARY" : 
	[
		0.,0.,0.,0.,0.,0.,0.,0.,0.,0.,0.,0.,0.,0.,0.,0.,0.,0.,0.,0.,0.,0.,0.,0.,0.,0.,0.,0.,0.,0.,0.,0.,0.,0.,0.,0.,0.,0.,0.,0.,0.,0.,0.,0.,0.,0.,0.,0.,0.,0.,0.,0.,0.,0.,0.,0.,0.,0.,0.,0.,0.,0.,0.,0.,0.,0.,0.,0.,0.,0.,0.,0.,0.,0.,0.,0.,0.,0.,0.,0.,0.,0.,0.,0.,0.,0.,0.,0.,0.,0.,0.,0.,0.,0.,0.,0.,0.,0.,0.,0.
	],
	"PARAM_PHIR" : 0.0,
	"PARAM_PHII" : 0.000000
}
