{
	"CONFIG_VERSION" : "0.21",
	"SYSTEM_TYPE" : "Bosons1D4th",
	"OUTPUT_DIRECTORY" : "/itpstore/gartner/Output/TDVMC/asterix/",
	"N" : 10,
	"LBOX" : 10,
	"DIM" : 1,
	"N_PARAM" : 50,
	"RHO" : 1.000000,
	"RC" : 0.000000,
	"MC_STEP" : 0.500000,
	"MC_STEP_OFFSET" : 0.000000,
	"MC_NSTEPS" : 1000,
	"MC_NTHERMSTEPS" : 100,
	"MC_NINITIALIZATIONSTEPS" : 10000,
	"MC_VERY_FIRST_NINITIALIZATIONSTEPS" : 1000000,
	"MC_NADDITIONALSTEPS" : 5000,
	"MC_NADDITIONALTHERMSTEPS" : 100,
	"MC_NADDITIONALINITIALIZATIONSTEPS" : 10000,
	"TIMESTEP" : 0.0001000,
	"TOTALTIME" : 40.001,
	"IMAGINARY_TIME" : 1,
	"ODE_SOLVER_TYPE" : 0,
	"LINEAR_EQUATION_SOLVER_TYPE" : 1,
	"USE_PRECONDITIONING" : 0,
	"USE_PARAMETER_ACCEPTANCE_CHECK" : 1,
	"PARAMETER_ACCEPTANCE_CHECK_TYPE" : 5,
	"WRITE_EVERY_NTH_STEP_TO_FILE" : 100,
	"CALCULATE_ADDITIONAL_DATA_EVERY_NTH_STEP" : 100,
	"WRITE_SINGLE_FILES" : 0,
	"MC_NSTEP_MULTIPLICATION_FACTOR_FOR_WRITE_DATA" : 1,
	"USE_MEAN_FOR_FINAL_PARAMETERS" : 0,
	"USE_NORMALIZE_WF" : 0,
	"USE_ADJUST_PARAMETERS" : 0,
	"UPDATE_SAMPLES_EVERY_NTH_STEP" : 0,
	"UPDATE_SAMPLES_PERCENT" : 100.000000,
	"GR_BIN_COUNT" : 400,
	"USE_NURBS" : 1,
	"NURBS_GRID" : 
	[
		 0.,0.1,0.2,0.3,0.4,0.5,0.6,0.7,0.8,0.9,1.,1.1,1.2,1.3,1.4,1.5,1.6,1.7,1.8,1.9,2.,2.1,2.2,2.3,2.4,2.5,2.6,2.7,2.8,2.9,3.,3.1,3.2,3.3,3.4,3.5,3.6,3.7,3.8,3.9,4.,4.1,4.2,4.3,4.4,4.5,4.6,4.7,4.8,4.9,5.
	],
	"PARTICLE_TYPES" : 
	[
		 0
	],
	"SYSTEM_PARAMS" : 
	[
		 1.0, 2.0
	],
	"PARAMS_REAL" : 
	[
		-5.4353690221590012e-01,-5.3787310052964232e-01,-5.2918430649109016e-01,-5.1503076205673126e-01,-4.9649436765535093e-01,-4.7292622635633130e-01,-4.4441432268791403e-01,-4.1099764798490834e-01,-3.7211771076397748e-01,-3.2879963731471445e-01,-2.7825248555081339e-01,-2.3439703126619962e-01,-1.9373529843512832e-01,-1.5703871354462820e-01,-1.2335048002666643e-01,-9.2663806358728854e-02,-6.4494301620655434e-02,-3.8668951867617263e-02,-1.4912387194561757e-02,6.9833077927218459e-03,2.7229767112287744e-02,4.5997614511067340e-02,6.3440798872365076e-02,7.9678534695739420e-02,9.4845142630439389e-02,1.0899070683316060e-01,1.2225661080622578e-01,1.3465331027236957e-01,1.4628029226522335e-01,1.5716949603285749e-01,1.6736732982512412e-01,1.7689780461297672e-01,1.8578961661564475e-01,1.9409693922258792e-01,2.0179522183210644e-01,2.0895233464617341e-01,2.1556032650666737e-01,2.2163543300320035e-01,2.2719033252295387e-01,2.3224108828839024e-01,2.3680455277810397e-01,2.4088191307245455e-01,2.4448900474646673e-01,2.4762617065873735e-01,2.5030658188638633e-01,2.5252298830692699e-01,2.5429470021195993e-01,2.5564817761883468e-01,2.5647762563874787e-01,2.5702166180995856e-01
	],
	"PARAMS_IMAGINARY" : 
	[
		 0.0
	],
	"PARAM_PHIR" : 0.0,
	"PARAM_PHII" : 0.000000
}